AÑO	EXPEDIENTE	RUC	NOMBRE	RAMA_ACTIVIDAD	DESCRIPCION_RAMA	CIIU	CUENTA_1	CUENTA_2	CUENTA_3	CUENTA_311	CUENTA_313	CUENTA_315	CUENTA_317	CUENTA_319	CUENTA_321	CUENTA_323	CUENTA_324	CUENTA_325	CUENTA_326	CUENTA_327	CUENTA_328	CUENTA_329	CUENTA_330	CUENTA_331	CUENTA_332	CUENTA_333	CUENTA_334	CUENTA_338	CUENTA_339	CUENTA_341	CUENTA_342	CUENTA_343	CUENTA_344	CUENTA_345	CUENTA_346	CUENTA_347	CUENTA_349	CUENTA_351	CUENTA_353	CUENTA_355	CUENTA_357	CUENTA_359	CUENTA_361	CUENTA_363	CUENTA_368	CUENTA_369	CUENTA_371	CUENTA_373	CUENTA_375	CUENTA_377	CUENTA_378	CUENTA_379	CUENTA_381	CUENTA_382	CUENTA_383	CUENTA_385	CUENTA_387	CUENTA_389	CUENTA_393	CUENTA_394	CUENTA_397	CUENTA_399	CUENTA_4	CUENTA_411	CUENTA_413	CUENTA_415	CUENTA_417	CUENTA_419	CUENTA_421	CUENTA_423	CUENTA_425	CUENTA_427	CUENTA_428	CUENTA_429	CUENTA_430	CUENTA_431	CUENTA_432	CUENTA_439	CUENTA_441	CUENTA_443	CUENTA_445	CUENTA_447	CUENTA_449	CUENTA_451	CUENTA_452	CUENTA_455	CUENTA_456	CUENTA_457	CUENTA_459	CUENTA_461	CUENTA_469	CUENTA_471	CUENTA_473	CUENTA_479	CUENTA_481	CUENTA_489	CUENTA_499	CUENTA_5	CUENTA_501	CUENTA_503	CUENTA_505	CUENTA_507	CUENTA_508	CUENTA_509	CUENTA_512	CUENTA_513	CUENTA_515	CUENTA_517	CUENTA_519	CUENTA_598	CUENTA_599	CUENTA_601	CUENTA_602	CUENTA_603	CUENTA_604	CUENTA_605	CUENTA_606	CUENTA_607	CUENTA_608	CUENTA_609	CUENTA_610	CUENTA_699	CUENTA_711	CUENTA_712	CUENTA_713	CUENTA_714	CUENTA_715	CUENTA_716	CUENTA_717	CUENTA_718	CUENTA_719	CUENTA_720	CUENTA_721	CUENTA_722	CUENTA_723	CUENTA_724	CUENTA_725	CUENTA_726	CUENTA_727	CUENTA_728	CUENTA_729	CUENTA_730	CUENTA_731	CUENTA_732	CUENTA_733	CUENTA_734	CUENTA_735	CUENTA_736	CUENTA_737	CUENTA_738	CUENTA_739	CUENTA_740	CUENTA_741	CUENTA_742	CUENTA_743	CUENTA_744	CUENTA_745	CUENTA_746	CUENTA_747	CUENTA_748	CUENTA_749	CUENTA_750	CUENTA_751	CUENTA_752	CUENTA_753	CUENTA_754	CUENTA_755	CUENTA_756	CUENTA_757	CUENTA_758	CUENTA_759	CUENTA_760	CUENTA_761	CUENTA_762	CUENTA_763	CUENTA_764	CUENTA_765	CUENTA_799	CUENTA_801	CUENTA_802	CUENTA_803	CUENTA_804	CUENTA_805	CUENTA_806	CUENTA_807	CUENTA_808	CUENTA_809	CUENTA_810	CUENTA_811	CUENTA_812	CUENTA_813	CUENTA_814	CUENTA_815	CUENTA_816	CUENTA_817	CUENTA_818	CUENTA_819	CUENTA_820	CUENTA_821	CUENTA_822	CUENTA_823	CUENTA_897	CUENTA_898	CUENTA_899	CUENTA_900	CUENTA_901	
2002	5317	0990150362001	CORPORACION DE INVERSIONES BOLIVAR SA	L	ACTIVIDADES INMOBILIARIAS.	L6810.01	0	0	0	,36	782,40	0	0	0	0	0	0	49,98	0	0	0	0	0	0	0	0	0	0	832,74	128,88	386,64	0	0	0	125,23	0	0	0	0	-102,42	0	538,33	0	0	0	538,33	120,00	0	0	0	-18,00	102,00	0	0	0	0	0	0	0	0	0	1473,07	0	0	0	0	0	729,49	0	0	0	0	0	0	0	0	0	729,49	0	0	0	0	0	0	0	0	0	0	0	0	0	0	0	0	0	0	729,49	0	200,00	0	0	92,93	0	450,65	0	0	0	0	0	743,58	1473,07	0	0	0	0	0	0	0	0	0	0	0	0	0	0	0	0	0	0	0	0	0	0	0	0	0	0	0	0	0	0	0	0	0	0	0	0	0	0	0	0	0	0	0	0	0	0	0	0	0	0	0	0	0	0	0	0	0	0	0	0	0	0	0	0	0	0	0	0	0	0	0	0	0	0	0	0	0	0	0	0	0	0	0	0	0	0	0	0	0	0	0	0	0	0	0	
2002	7392	1790391353001	AGROPECUARIA DEL ORIENTE ADELOR SA	A	AGRICULTURA, GANADERÍA,  SILVICULTURA Y PESCA.	A0220.01	0	0	0	40,00	0	8171,33	0	0	81172,19	134,89	87,10	0	0	0	0	0	0	0	0	0	0	0	89605,51	2571,87	31872,10	0	194447,05	0	23413,78	0	0	1542,59	0	-65167,37	0	188680,02	0	0	0	188680,02	0	0	0	0	0	0	0	0	0	0	0	0	0	40917,91	40917,91	319203,44	0	0	0	0	0	0	0	290,19	0	1720,24	579,90	84,05	0	448,00	0	3122,38	0	0	0	0	331743,98	0	0	0	0	0	0	0	331743,98	0	0	0	0	0	334866,36	0	636,00	0	0	0	0	11281,87	0	0	-10478,12	0	-17102,67	-15662,92	319203,44	0	0	0	0	0	0	0	0	0	0	0	0	0	0	0	0	0	0	0	0	0	0	0	0	14317,43	0	0	0	0	0	0	0	488,57	0	0	0	0	0	0	0	0	0	629,50	214,00	0	0	638,68	0	202,09	0	0	0	0	0	0	0	0	0	0	0	0	612,40	0	0	0	0	17102,67	0	-17102,67	0	0	0	0	0	0	0	0	0	0	0	0	-17102,67	0	0	0	0	0	0	0	0	0	0	0	0	0	
2002	8544	0990271542001	INMOBILIARIA MARIA PAULINA SA	L	ACTIVIDADES INMOBILIARIAS.	L6810.01	0	0	0	672,46	0	0	0	0	0	0	0	0	0	0	0	0	0	0	0	0	0	1,29	673,75	2081,97	6107,83	0	0	0	364,74	0	0	0	0	0	-2675,63	5878,91	0	0	0	5878,91	0	0	0	0	0	0	0	0	0	0	0	0	0	0	0	6552,66	0	0	0	0	0	0	0	0	0	0	0	0	0	0	0	0	0	0	0	0	0	0	0	0	0	0	0	0	0	0	0	0	0	0	0	0	1440,00	0	0	29,49	0	5149,60	0	0	-60,61	0	-5,82	6552,66	6552,66	0	3240,00	0	0	0	0	0	0	0	0	3240,00	0	0	0	0	0	0	0	0	0	0	0	0	0	0	0	0	0	0	0	0	0	0	0	0	0	0	0	0	0	0	0	0	0	0	0	2882,06	0	61,99	301,77	0	0	0	0	0	0	0	0	0	0	0	0	0	0	0	0	3245,82	0	-5,82	0	0	0	0	0	0	0	0	0	0	0	0	-5,82	0	0	0	0	0	0	0	0	0	0	0	0	0	
2002	8591	0890044751001	INMOBILIARIA PABAC SA	L	ACTIVIDADES INMOBILIARIAS.	L6810.01	0	0	0	241,92	0	0	0	0	3,28	16,58	0	0	0	0	0	0	0	0	0	0	0	,01	261,79	822,94	0	2258,67	0	0	0	0	0	0	0	-180,73	0	2900,88	0	0	0	2900,88	0	,53	0	9,72	-8,19	2,06	0	0	0	0	0	0	0	0	0	3164,73	0	0	0	0	0	0	0	0	0	0	0	0	0	0	0	0	2381,81	0	0	0	0	0	0	0	0	0	0	0	2381,81	0	0	0	0	0	2381,81	0	260,00	0	0	8,15	0	624,80	0	0	-110,74	,71	0	782,92	3164,73	0	1320,00	0	0	0	0	0	0	0	0	1320,00	0	0	0	0	0	0	0	0	0	0	0	0	0	0	0	0	0	0	0	0	0	0	0	0	0	0	0	0	0	0	0	0	0	0	0	1089,55	0	115,79	112,93	0	1,02	0	0	0	0	0	0	0	0	0	0	0	0	0	0	1319,29	,71	0	0	0	0	0	0	0	0	0	0	0	0	,71	0	0	,71	,18	0	0	0	0	0	0	0	,18	0	0	
2002	8718	0990553750001	ITASA INMOBILIARIA ITALIA SA	L	ACTIVIDADES INMOBILIARIAS.	L6810.01	0	0	0	129,70	0	0	0	0	972,65	0	0	0	0	0	0	0	0	0	0	0	0	0	1102,35	2153,02	0	0	0	0	0	0	0	0	0	0	0	2153,02	0	0	0	2153,02	79,52	0	0	0	-33,12	46,40	0	0	0	0	0	0	0	0	0	3301,77	0	0	0	0	0	0	0	0	0	0	0	37,90	0	0	0	37,90	0	0	0	0	0	0	0	0	0	0	0	0	0	0	0	0	0	0	37,90	0	3200,00	0	0	0	0	0	0	0	0	63,87	0	3263,87	3301,77	0	0	0	0	0	0	0	0	0	0	0	0	0	0	0	0	0	0	0	0	0	0	0	0	0	0	0	0	0	0	0	0	0	0	0	0	0	0	0	0	0	0	0	0	0	0	0	0	0	0	0	0	0	0	0	0	0	0	0	0	0	0	0	0	0	0	0	0	0	0	0	0	0	0	0	0	0	0	0	0	0	0	0	0	0	0	0	0	0	0	0	0	0	0	0	
2002	8807	0990335699001	INMOBILIARIA PEGAR SA	F	CONSTRUCCIÓN.	F4100.10	0	0	0	320,00	0	0	0	0	0	0	0	0	0	0	0	0	0	0	0	0	0	0	320,00	0	0	0	0	0	0	0	0	0	0	0	0	0	0	0	0	0	0	0	0	0	0	0	0	0	0	0	0	0	0	0	0	320,00	0	0	0	0	0	0	0	0	0	0	0	0	0	0	0	0	0	0	0	0	0	0	0	0	0	0	0	0	0	0	0	0	0	0	0	0	320,00	0	0	0	0	0	0	0	0	0	0	320,00	320,00	0	0	0	0	0	0	0	0	0	0	0	0	0	0	0	0	0	0	0	0	0	0	0	0	0	0	0	0	0	0	0	0	0	0	0	0	0	0	0	0	0	0	0	0	0	0	0	0	0	0	0	0	0	0	0	0	0	0	0	0	0	0	0	0	0	0	0	0	0	0	0	0	0	0	0	0	0	0	0	0	0	0	0	0	0	0	0	0	0	0	0	0	0	0	0	
2002	9296	0990339244001	INMOBILIARIA LICUANCO CA	L	ACTIVIDADES INMOBILIARIAS.	L6810.01	0	0	0	180,16	0	0	0	0	0	0	0	0	0	0	0	0	0	0	0	0	0	0	180,16	3445,85	0	0	0	0	0	0	0	0	0	0	0	3445,85	0	0	0	3445,85	0	0	0	0	0	0	0	0	0	0	0	0	0	0	0	3626,01	0	0	0	0	0	0	0	0	0	0	0	0	0	0	0	0	0	0	0	0	0	0	0	0	0	0	0	0	0	0	0	0	0	0	0	0	200,00	0	0	0	0	3426,01	0	0	0	0	0	3626,01	3626,01	0	0	0	0	0	0	0	0	0	0	0	0	0	0	0	0	0	0	0	0	0	0	0	0	0	0	0	0	0	0	0	0	0	0	0	0	0	0	0	0	0	0	0	0	0	0	0	0	0	0	0	0	0	0	0	0	0	0	0	0	0	0	0	0	0	0	0	0	0	0	0	0	0	0	0	0	0	0	0	0	0	0	0	0	0	0	0	0	0	0	0	0	0	0	0	
2002	17078	1790733947001	MANUFACTURAS FLORES HARO C LTDA	C	INDUSTRIAS MANUFACTURERAS.	C1512.09	0	0	0	734,60	0	52243,09	0	3551,62	3943,49	0	0	1121,04	20199,11	0	390,00	5116,33	0	0	0	0	0	0	87299,28	1206,13	18135,89	0	0	0	56166,22	0	1371,20	0	184,97	-44746,86	0	32317,55	0	0	0	32317,55	0	0	0	0	0	0	0	0	0	0	0	0	0	0	0	119616,83	0	17059,73	0	1261,55	0	7316,57	0	1748,45	0	2497,16	2212,64	0	0	0	0	32096,10	41049,04	0	0	0	656,30	0	0	0	0	0	0	0	41705,34	3052,27	0	3052,27	0	0	76853,71	0	3200,00	0	0	25,59	0	38358,44	0	0	0	1179,09	0	42763,12	119616,83	175074,66	0	0	0	0	0	0	0	0	0	175074,66	0	0	0	0	0	71483,20	0	0	0	0	0	0	0	35737,53	0	0	20478,57	0	0	24282,56	0	398,00	0	0	0	0	0	0	0	0	0	1491,14	0	4551,67	0	3639,93	0	88,85	2108,23	0	0	0	9635,89	0	0	0	0	0	0	0	0	0	0	0	0	173895,57	1179,09	0	0	0	0	0	0	0	0	0	0	0	0	1179,09	0	0	1179,09	294,77	0	0	0	0	0	0	0	294,77	0	0	
2002	19045	0990768064001	INMOBILIARIA REMARFA SA	L	ACTIVIDADES INMOBILIARIAS.	L6810.01	0	0	0	1352,45	0	0	0	0	0	0	0	0	0	0	0	0	0	0	0	0	0	0	1352,45	0	7619,68	0	0	0	0	0	0	0	0	-1897,51	0	5722,17	0	0	0	5722,17	0	0	0	0	0	0	0	0	0	0	0	0	0	0	0	7074,62	0	0	0	0	0	0	0	0	0	0	0	0	0	0	0	0	0	0	0	0	0	0	0	0	0	0	0	0	0	0	0	0	0	0	0	0	1000,00	0	0	17,87	6056,75	0	0	0	0	0	0	7074,62	7074,62	0	0	0	0	0	0	0	0	0	0	0	0	0	0	0	0	0	0	0	0	0	0	0	0	0	0	0	0	0	0	0	0	0	0	0	0	0	0	0	0	0	0	0	0	0	0	0	0	0	0	0	0	0	0	0	0	0	0	0	0	0	0	0	0	0	0	0	0	0	0	0	0	0	0	0	0	0	0	0	0	0	0	0	0	0	0	0	0	0	0	0	0	0	0	0	
2002	19685	0990555796001	CONSTRUCTORA DEL OCCIDENTE CODELCO CA	F	CONSTRUCCIÓN.	F4210.11	0	0	0	805,33	0	0	0	0	0	0	0	0	0	0	0	0	0	0	0	0	0	705,85	1511,18	0	0	0	0	0	0	0	0	4669,28	0	0	-4668,28	1,00	0	0	0	1,00	154,98	0	0	0	-154,98	0	0	0	0	0	0	0	0	0	0	1512,18	0	0	0	0	0	0	0	0	0	0	0	0	0	0	0	0	0	0	0	0	0	0	0	0	0	0	0	0	0	0	0	0	0	0	0	0	800,00	0	0	9,64	0	1418,60	0	8,75	-273,30	0	-451,51	1512,18	1512,18	0	0	0	0	0	0	0	0	0	0	0	0	0	0	0	0	0	0	0	0	0	0	0	0	0	0	0	0	0	0	0	0	0	0	0	0	0	0	0	0	0	0	0	0	0	0	0	0	0	0	420,51	31,00	0	0	0	0	0	0	0	0	0	0	0	0	0	0	451,51	0	-451,51	0	0	0	0	0	0	0	0	0	0	0	0	-451,51	0	0	0	0	0	0	0	0	0	0	0	0	0	
2002	24419	0990393877001	DAVAL C LTDA	L	ACTIVIDADES INMOBILIARIAS.	L6810.01	0	0	0	0	0	0	0	0	0	0	0	0	0	0	0	0	0	0	0	0	0	0	0	14797,17	0	0	0	0	0	0	0	0	0	0	0	14797,17	0	0	0	14797,17	0	0	0	80,00	0	80,00	0	0	0	0	0	0	0	0	0	14877,17	0	0	0	0	0	0	0	0	0	0	0	0	0	0	0	0	0	0	0	0	13185,40	0	0	0	0	0	0	0	13185,40	0	0	0	0	0	13185,40	0	80,00	0	0	0	0	1611,77	0	0	0	0	0	1691,77	14877,17	0	0	0	0	0	0	0	0	0	0	0	0	0	0	0	0	0	0	0	0	0	0	0	0	0	0	0	0	0	0	0	0	0	0	0	0	0	0	0	0	0	0	0	0	0	0	0	0	0	0	0	0	0	0	0	0	0	0	0	0	0	0	0	0	0	0	0	0	0	0	0	0	0	0	0	0	0	0	0	0	0	0	0	0	0	0	0	0	0	0	0	0	0	0	0	
2002	25217	0990562628001	SOCIEDAD INMOBILIARIA BETTY COMPANIA LIMITADA	L	ACTIVIDADES INMOBILIARIAS.	L6810.01	0	0	0	0	0	0	0	0	0	0	0	0	0	0	0	0	0	0	0	0	0	0	0	0	1800,00	0	0	0	0	0	0	0	0	-180,00	0	1620,00	0	0	0	1620,00	0	0	0	0	0	0	0	0	0	0	0	0	0	0	0	1620,00	0	0	0	0	0	0	0	0	0	0	0	0	0	0	0	0	0	0	0	0	0	0	0	0	0	0	0	0	0	0	0	0	0	0	0	0	500,00	0	1120,00	0	0	0	0	0	0	0	0	1620,00	1620,00	0	0	0	0	0	0	0	0	0	0	0	0	0	0	0	0	0	0	0	0	0	0	0	0	0	0	0	0	0	0	0	0	0	0	0	0	0	0	0	0	0	0	0	0	0	0	0	0	0	0	0	0	0	0	0	0	0	0	0	0	0	0	0	0	0	0	0	0	0	0	0	0	0	0	0	0	0	0	0	0	0	0	0	0	0	0	0	0	0	0	0	0	0	0	0	
2002	25569	0990881936001	CONSTRUCTORA TRITON C LTDA	F	CONSTRUCCIÓN.	F4210.11	0	0	0	4,00	0	0	0	0	0	0	0	0	0	0	0	0	0	0	0	0	0	0	4,00	0	0	0	0	0	0	0	0	0	0	0	0	0	0	0	0	0	0	0	0	0	0	0	0	0	0	0	0	0	0	0	0	4,00	0	0	0	0	0	0	0	0	0	0	0	0	0	0	0	0	0	0	0	0	0	0	0	0	0	0	0	0	0	0	0	0	0	0	0	0	4,00	0	0	0	0	0	0	0	0	0	0	4,00	4,00	0	0	0	0	0	0	0	0	0	0	0	0	0	0	0	0	0	0	0	0	0	0	0	0	0	0	0	0	0	0	0	0	0	0	0	0	0	0	0	0	0	0	0	0	0	0	0	0	0	0	0	0	0	0	0	0	0	0	0	0	0	0	0	0	0	0	0	0	0	0	0	0	0	0	0	0	0	0	0	0	0	0	0	0	0	0	0	0	0	0	0	0	0	0	0	
2002	26930	0990801150001	AGRICOLA TEY C LTDA	A	AGRICULTURA, GANADERÍA,  SILVICULTURA Y PESCA.	A0150.00	0	0	0	0	0	0	0	0	0	0	0	0	0	0	0	0	0	0	0	0	0	0	0	0	0	0	0	0	0	0	0	0	0	0	0	0	0	0	0	0	0	0	0	2752,85	0	2752,85	0	0	0	0	0	0	0	0	0	2752,85	0	0	0	0	0	0	0	0	0	0	0	0	0	0	0	0	0	0	0	0	0	0	0	0	0	0	0	0	0	0	0	0	0	0	0	0	16000,00	0	0	0	0	0	0	6,07	-13258,87	5,65	0	2752,85	2752,85	338,85	0	0	0	0	0	0	0	0	0	338,85	0	0	0	0	0	0	0	0	0	0	0	0	0	122,00	0	0	0	16,40	0	0	0	28,06	0	0	0	0	24,90	0	0	0	0	40,75	0	0	0	70,10	0	0	0	0	0	0	0	0	0	0	0	0	0	0	30,99	0	0	0	0	333,20	5,65	0	0	0	0	0	0	0	0	0	0	0	0	5,65	0	0	5,65	1,41	0	0	0	0	0	0	0	1,41	0	0	
2002	27130	0990849242001	ACEROS Y SERVICIOS INDUSTRIALES SERVIHIERRO COMPANIA LIMITADA	Z	DEPURAR	ZZZZZ.ZZ	0	0	0	188,76	0	117,69	0	1020,12	0	0	0	0	0	0	0	0	0	0	0	870,93	0	0	2197,50	0	0	0	0	0	0	0	0	1532,16	153,22	0	0	1685,38	0	0	0	1685,38	0	0	0	0	0	0	0	0	0	0	0	0	0	0	0	3882,88	0	0	0	0	0	0	0	0	143,03	0	0	0	0	0	0	143,03	0	0	0	0	0	0	0	0	0	0	0	0	0	0	0	0	0	0	143,03	0	80,00	0	0	271,66	0	3388,19	0	0	0	0	0	3739,85	3882,88	0	0	0	0	0	0	0	0	0	0	0	0	0	0	0	0	0	0	0	0	0	0	0	0	0	0	0	0	0	0	0	0	0	0	0	0	0	0	0	0	0	0	0	0	0	0	0	0	0	0	0	0	0	0	0	0	0	0	0	0	0	0	0	0	0	0	0	0	0	0	0	0	0	0	0	0	0	0	0	0	0	0	0	0	0	0	0	0	0	0	0	0	0	0	0	
2002	29149	0991305513001	CAAL CONSULTORES ASOCIADOS PARA AMERICA LATINA C. LTDA.	M	ACTIVIDADES PROFESIONALES, CIENTÍFICAS Y TÉCNICAS.	M7110.11	0	0	0	360,00	0	0	0	0	0	0	0	0	0	0	0	0	0	0	0	0	0	0	360,00	0	0	0	0	0	0	0	0	0	0	0	0	0	0	0	0	0	40,00	0	0	0	0	40,00	0	0	0	0	0	0	0	0	0	400,00	0	0	0	0	0	0	0	0	0	0	0	0	0	0	0	0	0	0	0	0	0	0	0	0	0	0	0	0	0	0	0	0	0	0	0	0	400,00	0	0	0	0	0	0	0	0	0	0	400,00	400,00	0	0	0	0	0	0	0	0	0	0	0	0	0	0	0	0	0	0	0	0	0	0	0	0	0	0	0	0	0	0	0	0	0	0	0	0	0	0	0	0	0	0	0	0	0	0	0	0	0	0	0	0	0	0	0	0	0	0	0	0	0	0	0	0	0	0	0	0	0	0	0	0	0	0	0	0	0	0	0	0	0	0	0	0	0	0	0	0	0	0	0	0	0	0	0	
2002	29183	0991379215001	C.J.V. EMBARCADORES INTERNACIONALES CIA. LTDA.	H	TRANSPORTE Y ALMACENAMIENTO.	H5229.01	0	0	0	0	0	0	0	0	0	0	0	0	0	0	0	0	0	0	0	0	0	0	0	0	0	189702,08	0	38101,95	0	0	0	0	0	-45934,04	0	181869,99	0	0	0	181869,99	3112,26	0	0	0	-2270,20	842,06	0	0	0	0	0	0	0	0	0	182712,05	0	0	0	0	0	0	0	3090,80	0	0	0	8961,49	0	0	0	12052,29	0	0	0	0	0	0	0	0	0	0	0	165655,22	165655,22	0	0	0	0	0	177707,51	0	800,00	0	0	60000,00	0	0	0	0	-55795,46	0	0	5004,54	182712,05	0	0	0	0	0	0	0	0	0	0	0	0	0	0	0	0	0	0	0	0	0	0	0	0	0	0	0	0	0	0	0	0	0	0	0	0	0	0	0	0	0	0	0	0	0	0	0	0	0	0	0	0	0	0	0	0	0	0	0	0	0	0	0	0	0	0	0	0	0	0	0	0	0	0	0	0	0	0	0	0	0	0	0	0	0	0	0	0	0	0	0	0	0	0	0	
2002	32096	0190170152001	GENERATOURS AGENCIA DE VIAJES CIA. LTDA.	N	ACTIVIDADES DE SERVICIOS ADMINISTRATIVOS Y DE APOYO.	N7911.00	0	0	0	474,52	0	0	0	0	0	35,10	0	6,45	0	0	0	0	0	0	0	0	0	0	516,07	0	0	0	0	2674,50	0	0	0	0	0	-570,77	0	2103,73	0	0	0	2103,73	1163,59	1235,47	0	0	-356,00	2043,06	0	0	0	0	0	0	0	0	0	4662,86	0	0	0	0	0	0	0	32,31	0	0	0	0	0	0	0	32,31	0	0	0	0	3758,17	0	0	0	0	0	0	0	3758,17	0	0	0	0	0	3790,48	0	1002,00	0	0	0	0	0	0	0	-165,26	35,64	0	872,38	4662,86	0	0	0	0	0	0	0	0	0	0	0	0	0	0	0	0	0	0	0	0	0	0	0	0	0	0	0	0	0	0	0	0	0	0	0	0	0	0	0	0	0	0	0	0	0	0	0	0	0	0	0	0	0	0	0	0	0	0	0	0	0	0	0	0	0	0	0	0	0	0	0	0	0	0	0	0	0	0	0	0	0	0	0	0	0	0	0	0	0	0	0	0	0	0	0	
2002	34630	1391702094001	DIAZ VASQUEZ DIVA S.A.	A	AGRICULTURA, GANADERÍA,  SILVICULTURA Y PESCA.	A0311.01	0	0	0	0	0	0	0	0	0	0	0	0	0	0	0	0	0	0	0	0	0	0	0	0	0	0	0	0	0	0	0	0	0	0	0	0	0	0	0	0	800,00	0	0	0	0	800,00	0	0	0	0	0	0	0	0	0	800,00	0	0	0	0	0	0	0	0	0	0	0	0	0	0	0	0	0	0	0	0	0	0	0	0	0	0	0	0	0	0	0	0	0	0	0	0	800,00	0	0	0	0	0	0	0	0	0	0	800,00	800,00	0	0	0	0	0	0	0	0	0	0	0	0	0	0	0	0	0	0	0	0	0	0	0	0	0	0	0	0	0	0	0	0	0	0	0	0	0	0	0	0	0	0	0	0	0	0	0	0	0	0	0	0	0	0	0	0	0	0	0	0	0	0	0	0	0	0	0	0	0	0	0	0	0	0	0	0	0	0	0	0	0	0	0	0	0	0	0	0	0	0	0	0	0	0	0	
2002	34725	1391726740001	INMOTUNA S.A.	A	AGRICULTURA, GANADERÍA,  SILVICULTURA Y PESCA.	A0311.01	0	0	0	0	0	0	0	0	800,00	0	0	0	0	0	0	0	0	0	0	0	0	0	800,00	0	0	0	0	0	0	0	0	0	0	0	0	0	0	0	0	0	0	0	0	0	0	0	0	0	0	0	0	0	0	0	0	800,00	0	0	0	0	0	0	0	0	0	0	0	0	0	0	0	0	0	0	0	0	0	0	0	0	0	0	0	0	0	0	0	0	0	0	0	0	800,00	0	0	0	0	0	0	0	0	0	0	800,00	800,00	0	0	0	0	0	0	0	0	0	0	0	0	0	0	0	0	0	0	0	0	0	0	0	0	0	0	0	0	0	0	0	0	0	0	0	0	0	0	0	0	0	0	0	0	0	0	0	0	0	0	0	0	0	0	0	0	0	0	0	0	0	0	0	0	0	0	0	0	0	0	0	0	0	0	0	0	0	0	0	0	0	0	0	0	0	0	0	0	0	0	0	0	0	0	0	
2002	40626	0990634785001	INDUSTRIAL INMOBILIARIA MARFANN SA	C	INDUSTRIAS MANUFACTURERAS.	C2391.01	0	0	0	800,00	0	0	0	0	0	0	0	0	0	0	0	0	0	0	0	0	0	0	800,00	0	0	0	0	0	0	0	0	0	0	0	0	0	0	0	0	0	0	0	0	0	0	0	0	0	0	0	0	0	0	0	0	800,00	0	0	0	0	0	0	0	0	0	0	0	0	0	0	0	0	0	0	0	0	0	0	0	0	0	0	0	0	0	0	0	0	0	0	0	0	800,00	0	0	0	0	0	0	0	0	0	0	800,00	800,00	0	0	0	0	0	0	0	0	0	0	0	0	0	0	0	0	0	0	0	0	0	0	0	0	0	0	0	0	0	0	0	0	0	0	0	0	0	0	0	0	0	0	0	0	0	0	0	0	0	0	0	0	0	0	0	0	0	0	0	0	0	0	0	0	0	0	0	0	0	0	0	0	0	0	0	0	0	0	0	0	0	0	0	0	0	0	0	0	0	0	0	0	0	0	0	
2002	42100	0990728526001	ISINCA SA	L	ACTIVIDADES INMOBILIARIAS.	L6810.01	0	0	0	0	0	1772,92	0	0	0	0	0	0	0	0	0	0	0	0	0	0	0	0	1772,92	0	0	0	0	0	0	0	0	0	0	0	0	0	0	0	0	0	0	0	0	0	0	0	0	0	0	0	7991,30	0	0	0	7991,30	9764,22	0	0	0	0	0	0	0	0	0	0	0	0	0	0	0	0	0	0	0	0	0	0	0	0	0	0	0	0	0	0	0	0	0	0	0	0	200,00	0	4146,68	0	0	5796,12	0	0	-378,58	0	0	9764,22	9764,22	0	0	0	0	0	0	0	0	0	0	0	0	0	0	0	0	0	0	0	0	0	0	0	0	0	0	0	0	0	0	0	0	0	0	0	0	0	0	0	0	0	0	0	0	0	0	0	0	0	0	0	0	0	0	0	0	0	0	0	0	0	0	0	0	0	0	0	0	0	0	0	0	0	0	0	0	0	0	0	0	0	0	0	0	0	0	0	0	0	0	0	0	0	0	0	
2002	42698	0990773025001	ALFA MARINA SA ALFAMARISA	A	AGRICULTURA, GANADERÍA,  SILVICULTURA Y PESCA.	A0311.01	0	0	0	3,77	0	0	0	0	0	0	0	0	0	0	0	0	0	0	0	0	0	0	3,77	4037,82	0	0	0	2195,54	0	0	0	0	0	-2195,54	0	4037,82	0	0	0	4037,82	0	0	0	0	0	0	0	0	0	0	0	0	0	0	0	4041,59	0	641,35	0	0	0	1254,47	0	0	0	0	0	0	0	0	0	1895,82	0	0	0	0	0	0	0	0	0	0	0	0	0	0	0	0	0	0	1895,82	0	800,00	0	3835,70	2,80	25,27	0	0	0	-2518,00	0	0	2145,77	4041,59	0	0	0	0	0	0	0	0	0	0	0	0	0	0	0	0	0	0	0	0	0	0	0	0	0	0	0	0	0	0	0	0	0	0	0	0	0	0	0	0	0	0	0	0	0	0	0	0	0	0	0	0	0	0	0	0	0	0	0	0	0	0	0	0	0	0	0	0	0	0	0	0	0	0	0	0	0	0	0	0	0	0	0	0	0	0	0	0	0	0	0	0	0	0	0	
2002	42732	0990774854001	INMOBILIARIA JOYABSA SA	L	ACTIVIDADES INMOBILIARIAS.	L6810.01	0	0	0	800,00	0	0	0	0	0	0	0	0	0	0	0	0	0	0	0	0	0	0	800,00	0	0	0	0	0	0	0	0	0	0	0	0	0	0	0	0	0	0	0	0	0	0	0	0	0	0	0	0	0	0	0	0	800,00	0	0	0	0	0	0	0	0	0	0	0	0	0	0	0	0	0	0	0	0	0	0	0	0	0	0	0	0	0	0	0	0	0	0	0	0	800,00	0	0	0	0	0	0	0	0	0	0	800,00	800,00	0	0	0	0	0	0	0	0	0	0	0	0	0	0	0	0	0	0	0	0	0	0	0	0	0	0	0	0	0	0	0	0	0	0	0	0	0	0	0	0	0	0	0	0	0	0	0	0	0	0	0	0	0	0	0	0	0	0	0	0	0	0	0	0	0	0	0	0	0	0	0	0	0	0	0	0	0	0	0	0	0	0	0	0	0	0	0	0	0	0	0	0	0	0	0	
2002	44103	0990845433001	AGRICOLA Y FORESTAL LAS BAJADAS FORESBAJA S. A.	A	AGRICULTURA, GANADERÍA,  SILVICULTURA Y PESCA.	A0116.05	0	0	0	15,60	0	0	0	0	0	0	0	0	0	0	0	0	0	0	0	0	0	0	15,60	2,60	0	0	0	0	0	0	0	0	0	0	0	2,60	0	0	0	2,60	2,00	0	0	0	-,20	1,80	0	0	0	0	0	0	0	0	0	20,00	0	0	0	0	0	0	0	0	0	0	0	0	0	0	0	0	0	0	0	0	0	0	0	0	0	0	0	0	0	0	0	0	0	0	0	0	80,00	-60,00	0	0	0	0	0	0	0	0	0	20,00	20,00	0	0	0	0	0	0	0	0	0	0	0	0	0	0	0	0	0	0	0	0	0	0	0	0	0	0	0	0	0	0	0	0	0	0	0	0	0	0	0	0	0	0	0	0	0	0	0	0	0	0	0	0	0	0	0	0	0	0	0	0	0	0	0	0	0	0	0	0	0	0	0	0	0	0	0	0	0	0	0	0	0	0	0	0	0	0	0	0	0	0	0	0	0	0	0	
2002	44463	0990865779001	PREDIAL E INVERSIONISTA EL BUHO S. A.	L	ACTIVIDADES INMOBILIARIAS.	L6810.01	0	0	0	191,32	0	0	0	0	0	0	0	0	0	0	0	0	0	0	0	0	0	0	191,32	2392,06	2708,14	0	818,29	0	0	0	0	0	0	-1526,68	0	4391,81	0	0	0	4391,81	1221,90	0	0	0	-1037,13	184,77	0	0	0	0	0	0	0	0	0	4767,90	0	0	0	0	0	0	0	0	0	0	0	0	0	0	0	0	0	0	0	0	0	0	0	0	0	0	0	0	0	0	0	0	0	0	0	0	200,00	0	0	0	0	4322,28	0	211,68	0	33,94	0	4767,90	4767,90	0	0	0	0	0	870,00	0	0	0	0	870,00	0	0	0	0	0	0	0	0	0	0	0	0	0	420,00	0	0	0	0	0	0	0	0	0	0	0	0	0	0	0	0	0	0	0	0	0	0	0	66,63	319,43	0	0	0	0	0	0	0	0	0	0	0	30,00	0	0	0	0	836,06	33,94	0	0	0	0	0	0	0	0	0	0	0	0	33,94	0	0	33,94	8,49	0	0	0	0	0	0	0	8,49	0	0	
2002	46315	1790782557001	MIRAMONTE SA	F	CONSTRUCCIÓN.	F4390.11	0	0	0	3316,00	0	1924,00	0	0	0	0	0	0	0	0	0	0	0	0	0	0	0	0	5240,00	0	5277,43	0	0	0	0	0	0	0	0	-2566,74	0	2710,69	0	0	0	2710,69	0	0	0	0	0	0	0	0	0	0	0	0	0	0	0	7950,69	0	0	0	0	0	336,25	0	0	0	0	0	0	0	654,44	0	990,69	0	0	0	0	0	0	0	0	0	0	0	0	0	0	0	0	0	0	990,69	0	400,00	0	5000,00	0	0	0	3214,17	41,95	-777,81	0	-918,31	6960,00	7950,69	0	0	0	0	0	0	0	0	0	0	0	0	0	0	0	0	0	0	0	0	0	0	0	0	0	0	0	0	0	0	0	0	0	0	0	0	0	0	0	0	0	0	0	0	0	0	0	0	654,44	263,87	0	0	0	0	0	0	0	0	0	0	0	0	0	0	0	0	918,31	0	-918,31	0	0	0	0	0	0	0	0	0	0	0	0	-918,31	0	0	0	0	0	0	0	0	0	0	0	0	0	
2002	48150	1790986845001	CONDOR MINE S.A.	B	EXPLOTACIÓN DE MINAS Y CANTERAS.	B0721.00	0	0	0	1000,00	0	0	0	0	0	0	0	0	0	0	0	0	0	0	0	0	0	0	1000,00	2796,01	0	0	0	0	0	0	0	0	0	0	0	2796,01	0	0	0	2796,01	0	0	0	51936,66	0	51936,66	0	0	0	0	0	0	0	0	0	55732,67	0	17024,07	0	0	0	23729,95	0	214,00	0	0	0	0	0	0	0	40968,02	0	0	0	0	0	0	0	0	0	0	0	0	0	0	0	0	0	0	40968,02	0	1600,00	0	0	0	0	50044,24	0	0	-1159,18	0	-35720,41	14764,65	55732,67	0	0	0	0	0	0	0	0	0	0	0	0	0	0	0	0	0	0	0	0	0	0	0	0	0	0	0	0	0	0	0	0	0	0	0	0	0	0	0	0	0	0	0	0	0	0	0	0	0	0	0	0	0	0	0	0	0	0	0	0	0	0	0	0	0	0	0	0	0	0	0	0	0	0	0	0	0	0	0	0	0	0	0	0	0	0	0	0	0	0	0	0	0	0	0	
2002	55705	0990940681001	CANCELARICH S.A	L	ACTIVIDADES INMOBILIARIAS.	L6810.01	0	0	0	,80	0	0	0	0	0	0	0	0	0	0	0	0	0	0	0	0	0	0	,80	125,20	0	0	0	0	0	0	0	0	0	0	0	125,20	0	0	0	125,20	74,00	0	0	0	0	74,00	0	0	0	0	0	0	0	0	0	200,00	0	120,00	0	0	0	0	0	0	0	0	0	0	0	0	0	120,00	0	0	0	0	0	0	0	0	0	0	0	0	0	0	0	0	0	0	120,00	0	80,00	0	0	0	0	0	0	0	0	0	0	80,00	200,00	0	0	0	0	0	0	0	0	0	0	0	0	0	0	0	0	0	0	0	0	0	0	0	0	0	0	0	0	0	0	0	0	0	0	0	0	0	0	0	0	0	0	0	0	0	0	0	0	0	0	0	0	0	0	0	0	0	0	0	0	0	0	0	0	0	0	0	0	0	0	0	0	0	0	0	0	0	0	0	0	0	0	0	0	0	0	0	0	0	0	0	0	0	0	0	
2002	56595	0990984204001	ANJUAN S.A.	C	INDUSTRIAS MANUFACTURERAS.	C2023.21	0	0	0	0	0	0	0	0	0	0	0	0	0	0	0	0	0	0	0	0	0	0	0	2200,00	0	0	0	0	1717,95	0	0	0	1440,00	-1627,30	0	3730,65	0	0	0	3730,65	0	0	0	0	0	0	0	0	0	0	0	0	0	0	0	3730,65	0	0	0	0	0	0	1763,05	0	0	0	0	0	0	0	0	1763,05	0	0	0	0	0	0	0	0	0	0	0	0	0	0	0	0	0	0	1763,05	0	800,00	0	1153,56	22,12	0	0	221,77	0	0	0	-229,85	1967,60	3730,65	0	0	0	0	0	0	0	0	0	0	0	0	0	0	0	0	0	0	0	0	0	0	0	0	0	0	0	0	0	0	0	0	0	0	0	0	0	0	0	0	0	0	0	0	0	0	0	0	0	0	0	0	0	0	0	0	0	0	0	0	0	0	0	0	0	0	0	0	0	0	0	0	0	0	0	0	0	0	0	0	0	0	0	0	0	0	0	0	0	0	0	0	0	0	0	
2002	57699	0991039805001	GAMABEST S.A.	G	COMERCIO AL POR MAYOR Y AL POR MENOR REPARACIÓN DE VEHÍCULOS AUTOMOTORES Y MOTOCICLETAS.	G4530.00	0	0	0	26062,73	0	60566,63	0	118574,98	25374,49	2917,91	0	12097,60	0	13436,61	0	40249,44	0	0	0	0	0	86772,99	386053,38	0	0	0	0	0	0	0	18035,67	13766,85	0	-22368,74	0	9433,78	0	0	0	9433,78	0	0	0	0	0	0	0	0	0	0	0	0	0	20,46	20,46	395507,62	0	5154,59	48278,77	0	0	0	0	0	0	0	3732,52	915,97	0	35974,13	0	94055,98	0	0	0	0	0	473605,01	0	0	0	0	0	0	473605,01	0	151353,85	151353,85	46,31	46,31	719061,15	0	200,00	0	16337,24	6321,53	0	0	0	0	-267790,80	0	-78621,50	-323553,53	395507,62	155902,85	0	0	0	0	0	1974,59	0	0	0	157877,44	0	0	0	0	0	0	0	0	0	0	0	0	0	16950,30	0	0	0	0	0	0	0	0	0	0	0	0	0	0	0	0	0	168029,25	0	444,59	0	2469,95	180,00	917,66	0	0	0	0	0	0	0	0	0	0	0	0	47507,19	0	0	0	0	236498,94	0	-78621,50	0	1974,59	0	0	0	0	0	0	0	0	0	0	-76646,91	0	0	0	0	0	0	0	0	0	0	0	0	0	
2002	58178	0991085807001	MARUTH S.A.	G	COMERCIO AL POR MAYOR Y AL POR MENOR REPARACIÓN DE VEHÍCULOS AUTOMOTORES Y MOTOCICLETAS.	G4669.12	0	0	0	31,94	0	0	0	0	539,97	0	0	0	0	0	0	0	0	0	0	0	0	0	571,91	0	0	0	0	0	0	0	0	0	0	0	0	0	0	0	0	0	0	0	0	0	0	0	0	0	0	0	0	0	0	0	0	571,91	0	0	0	0	0	0	0	0	0	0	0	0	0	0	0	0	0	0	0	0	180,00	0	0	0	0	0	0	0	180,00	0	0	0	0	0	180,00	0	80,00	0	0	0	0	377,33	0	0	0	0	-65,42	391,91	571,91	0	0	0	0	0	0	0	0	0	0	0	0	0	0	0	0	0	0	0	0	0	0	0	0	0	0	0	0	0	0	0	0	0	0	0	0	0	0	0	0	0	0	0	0	0	0	65,42	0	0	0	0	0	0	0	0	0	0	0	0	0	0	0	0	0	0	0	65,42	0	-65,42	0	0	0	0	0	0	0	0	0	0	0	0	-65,42	0	0	0	0	0	0	0	0	0	0	0	0	0	
2002	58641	0990179360001	XTRA SUPERFOD S.A.	G	COMERCIO AL POR MAYOR Y AL POR MENOR REPARACIÓN DE VEHÍCULOS AUTOMOTORES Y MOTOCICLETAS.	G4649.99	0	0	0	5260,40	0	3993,78	0	0	0	0	0	0	0	0	0	0	0	0	0	0	0	0	9254,18	0	0	0	0	0	0	0	0	0	0	0	0	0	0	0	0	0	31,21	0	0	0	-3,12	28,09	0	0	0	0	0	0	0	0	0	9282,27	0	6582,01	0	0	0	0	0	0	0	0	0	0	0	0	0	6582,01	0	0	0	0	0	0	0	0	0	0	0	0	0	0	0	0	0	0	6582,01	0	80,00	0	0	2304,78	0	50,66	0	0	0	264,82	0	2700,26	9282,27	60000,00	0	0	0	0	0	0	0	0	0	60000,00	0	0	0	0	0	0	0	0	0	0	0	0	0	0	0	0	0	0	0	0	0	0	0	0	0	0	0	0	0	0	0	0	0	0	0	0	0	0	0	0	0	0	0	0	0	0	0	0	0	0	59735,18	0	0	0	0	59735,18	264,82	0	0	0	0	0	0	0	0	0	0	0	0	264,82	0	0	264,82	66,21	0	0	0	0	0	0	0	66,21	0	0	
2002	58670	0990215162001	EUCLICORP S.A.	G	COMERCIO AL POR MAYOR Y AL POR MENOR REPARACIÓN DE VEHÍCULOS AUTOMOTORES Y MOTOCICLETAS.	G4530.00	0	0	0	2,00	0	0	0	169,94	0	0	0	0	0	0	0	0	0	0	0	0	0	0	171,94	0	6823,94	0	0	406,64	0	0	0	0	16,20	-422,84	0	6823,94	0	0	0	6823,94	0	0	0	0	0	0	0	0	0	0	0	0	0	0	0	6995,88	0	0	0	0	0	6721,43	0	0	0	0	0	0	0	0	0	6721,43	0	0	0	0	0	0	0	0	0	0	0	0	0	0	0	0	0	0	6721,43	0	200,00	0	0	25,78	0	56,20	0	0	-7,53	0	0	274,45	6995,88	0	0	0	0	0	0	0	0	0	0	0	0	0	0	0	0	0	0	0	0	0	0	0	0	0	0	0	0	0	0	0	0	0	0	0	0	0	0	0	0	0	0	0	0	0	0	0	0	0	0	0	0	0	0	0	0	0	0	0	0	0	0	0	0	0	0	0	0	0	0	0	0	0	0	0	0	0	0	0	0	0	0	0	0	0	0	0	0	0	0	0	0	0	0	0	
2002	58794	0990294003001	RIVEX S.A.	G	COMERCIO AL POR MAYOR Y AL POR MENOR REPARACIÓN DE VEHÍCULOS AUTOMOTORES Y MOTOCICLETAS.	G4641.12	0	0	0	156,44	0	2876,05	0	0	3391,42	0	3242,27	0	0	0	7671,44	0	0	0	0	0	0	0	17337,62	355440,21	138676,22	0	0	12126,37	52044,53	0	19229,69	0	172072,75	-180095,04	0	569494,73	0	0	0	569494,73	34,69	1827,26	292596,79	0	-159013,01	135445,73	0	0	0	0	0	0	0	124,01	124,01	722402,09	0	90538,98	0	11265,55	0	0	0	0	0	0	5283,00	0	5450,13	4836,51	0	117374,17	0	0	39484,00	0	382273,79	0	0	0	0	0	0	0	421757,79	0	0	0	0	0	539131,96	0	3280,00	0	0	0	0	381453,83	0	0	-155490,47	0	-45973,23	183270,13	722402,09	0	0	0	0	0	4248,60	0	0	0	0	4248,60	0	0	0	0	0	0	0	0	0	0	0	0	0	10459,94	0	0	0	0	0	0	0	7186,01	0	0	0	0	47,91	0	0	0	0	897,87	499,43	0	0	866,22	0	4423,85	3829,32	0	0	0	14829,83	48,95	0	0	4998,03	0	0	656,76	1477,71	0	0	0	0	50221,83	0	-45973,23	0	0	0	0	0	0	0	0	0	0	0	0	-45973,23	0	0	0	0	0	0	0	0	0	0	0	0	0	
2002	59516	0991146717001	ANDINA DEL PACIFICO ANDELPA S.A.	L	ACTIVIDADES INMOBILIARIAS.	L6810.01	0	0	0	40,92	0	0	0	0	0	0	0	0	0	0	0	0	0	0	0	0	0	60,00	100,92	0	2135,13	0	0	0	0	0	0	0	0	-256,21	0	1878,92	0	0	0	1878,92	902,80	0	0	0	-361,24	541,56	0	0	0	0	0	0	0	0	0	2521,40	0	311,36	0	0	0	0	0	0	0	0	0	0	0	0	0	311,36	0	0	0	0	0	0	0	0	0	0	0	0	0	0	0	0	0	0	311,36	0	400,00	0	0	2278,30	0	0	0	0	-204,45	0	-263,81	2210,04	2521,40	0	0	0	0	0	0	0	0	0	0	0	0	0	0	0	0	0	0	0	0	0	0	0	0	0	0	0	0	0	0	0	0	0	0	0	0	0	0	0	0	0	0	0	0	0	0	0	0	109,50	64,05	0	90,26	0	0	0	0	0	0	0	0	0	0	0	0	0	0	263,81	0	-263,81	0	0	0	0	0	0	0	0	0	0	0	0	-263,81	0	0	0	0	0	0	0	0	0	0	0	0	0	
2002	59517	0991146725001	GUSICORP S.A.	L	ACTIVIDADES INMOBILIARIAS.	L6810.01	0	0	0	226,23	0	0	0	0	0	0	0	0	0	0	0	0	0	0	0	0	0	0	226,23	0	0	282,27	0	0	0	0	0	0	72,15	0	0	354,42	0	0	0	354,42	0	0	0	0	-76,49	-76,49	0	0	0	0	0	0	0	0	0	504,16	0	0	0	0	0	0	0	0	0	0	0	0	0	0	0	0	0	0	0	0	0	0	0	0	0	0	0	0	0	0	0	0	0	0	0	0	400,00	0	0	223,80	0	0	0	0	0	0	-119,64	504,16	504,16	0	0	0	0	0	0	0	0	0	0	0	0	0	0	0	0	0	0	0	0	0	0	0	0	0	0	0	0	0	0	0	0	0	0	0	0	0	0	0	0	0	0	0	0	0	0	0	0	0	0	0	0	0	0	0	0	0	0	0	0	0	0	0	0	0	0	0	0	0	0	0	0	0	0	0	0	0	0	0	0	0	0	0	0	0	0	0	0	0	0	0	0	0	0	0	
2002	59967	0991150501001	FOSTERCORP S.A.	M	ACTIVIDADES PROFESIONALES, CIENTÍFICAS Y TÉCNICAS.	M7010.00	0	0	0	117,88	0	0	0	0	60,00	0	0	0	0	0	0	0	0	0	0	0	0	0	177,88	152,14	0	0	0	0	0	0	0	0	0	0	0	152,14	0	0	0	152,14	22,11	0	0	0	-4,22	17,89	0	0	0	0	0	0	0	0	0	347,91	0	100,00	0	0	0	0	0	0	0	0	0	0	0	0	0	100,00	0	0	0	0	0	0	0	0	0	0	0	0	0	0	0	0	0	0	100,00	0	200,00	0	0	50,12	0	0	0	0	-2,21	0	0	247,91	347,91	0	0	0	0	0	0	0	0	0	0	0	0	0	0	0	0	0	0	0	0	0	0	0	0	0	0	0	0	0	0	0	0	0	0	0	0	0	0	0	0	0	0	0	0	0	0	0	0	0	0	0	0	0	0	0	0	0	0	0	0	0	0	0	0	0	0	0	0	0	0	0	0	0	0	0	0	0	0	0	0	0	0	0	0	0	0	0	0	0	0	0	0	0	0	0	
2002	65129	0991162496001	INMOBILIARIA CIVIL HER-CAVI COMPANIA ANONIMA	L	ACTIVIDADES INMOBILIARIAS.	L6810.01	0	0	0	0	0	0	0	0	0	0	0	0	0	0	0	0	0	0	0	0	0	0	0	0	2389,15	0	0	0	0	0	0	0	0	0	0	2389,15	0	0	0	2389,15	0	0	0	0	0	0	0	0	0	0	0	0	0	0	0	2389,15	0	0	0	0	0	0	0	0	0	0	0	0	0	0	0	0	0	0	0	0	2100,68	0	0	0	0	0	0	0	2100,68	0	0	0	0	0	2100,68	0	200,00	0	0	0	0	0	0	88,47	0	0	0	288,47	2389,15	0	0	0	0	0	0	0	0	0	0	0	0	0	0	0	0	0	0	0	0	0	0	0	0	0	0	0	0	0	0	0	0	0	0	0	0	0	0	0	0	0	0	0	0	0	0	0	0	0	0	0	0	0	0	0	0	0	0	0	0	0	0	0	0	0	0	0	0	0	0	0	0	0	0	0	0	0	0	0	0	0	0	0	0	0	0	0	0	0	0	0	0	0	0	0	
2002	65795	0991170618001	MERCADOMANIA S.A. M.E.R.M.A.S.A.	L	ACTIVIDADES INMOBILIARIAS.	L6810.01	0	0	0	200,00	0	0	0	0	0	0	0	0	0	0	0	0	0	0	0	0	0	0	200,00	0	0	0	0	0	0	0	0	0	0	0	0	0	0	0	0	0	0	0	0	0	0	0	0	0	0	0	0	0	0	0	0	200,00	0	0	0	0	0	0	0	0	0	0	0	0	0	0	0	0	0	0	0	0	0	0	0	0	0	0	0	0	0	0	0	0	0	0	0	0	200,00	0	0	0	0	0	0	0	0	0	0	200,00	200,00	0	0	0	0	0	0	0	0	0	0	0	0	0	0	0	0	0	0	0	0	0	0	0	0	0	0	0	0	0	0	0	0	0	0	0	0	0	0	0	0	0	0	0	0	0	0	0	0	0	0	0	0	0	0	0	0	0	0	0	0	0	0	0	0	0	0	0	0	0	0	0	0	0	0	0	0	0	0	0	0	0	0	0	0	0	0	0	0	0	0	0	0	0	0	0	
2002	67030	0991241191001	INMOBILIARIA PEYBOYACA S.A. (INPEYBOYSA)	L	ACTIVIDADES INMOBILIARIAS.	L6810.01	0	0	0	660,01	0	1000,00	0	0	0	0	0	0	0	0	0	0	0	0	0	0	0	0	1660,01	1269,09	0	2961,20	0	508,80	0	0	0	0	0	-1745,45	0	2993,64	0	0	0	2993,64	215,04	0	0	0	-197,78	17,26	0	0	0	0	0	0	0	0	0	4670,91	0	0	0	0	0	0	0	256,50	0	51,96	0	0	0	0	0	308,46	0	0	0	0	0	0	0	0	0	0	0	0	0	0	0	0	0	0	308,46	0	1763,72	0	0	1910,29	0	0	0	467,59	0	220,85	0	4362,45	4670,91	4077,81	7032,00	0	0	0	0	0	0	0	0	11109,81	0	0	0	0	0	0	0	0	0	0	0	0	0	2850,00	0	0	1510,00	0	0	0	0	0	0	0	0	0	0	0	0	0	0	1800,00	0	200,00	0	2340,60	0	0	262,39	0	43,01	0	0	0	0	0	0	0	0	0	1757,38	0	0	0	0	10763,38	346,43	0	-51,96	0	0	0	0	0	0	0	0	0	0	294,47	0	0	294,47	73,62	0	0	0	0	0	0	0	73,62	0	0	
2002	68958	0991268626001	HERPLAPAL S.A.	C	INDUSTRIAS MANUFACTURERAS.	C3320.09	0	0	0	1500,00	0	0	0	0	0	0	0	0	0	0	0	0	0	0	0	0	0	0	1500,00	0	0	0	0	0	0	0	0	0	0	0	0	0	0	0	0	0	0	0	0	0	0	0	0	0	0	0	0	0	240,00	0	240,00	1740,00	0	0	0	0	0	0	240,00	0	0	0	0	0	0	0	0	240,00	0	0	0	0	0	0	0	0	0	0	0	0	0	0	0	0	0	0	240,00	0	1500,00	0	0	0	0	0	0	0	0	0	0	1500,00	1740,00	0	0	0	0	0	0	0	0	0	0	0	0	0	0	0	0	0	0	0	0	0	0	0	0	0	0	0	0	0	0	0	0	0	0	0	0	0	0	0	0	0	0	0	0	0	0	0	0	0	0	0	0	0	0	0	0	0	0	0	0	0	0	0	0	0	0	0	0	0	0	0	0	0	0	0	0	0	0	0	0	0	0	0	0	0	0	0	0	0	0	0	0	0	0	0	
2002	69047	0991272437001	TRANSACCIONES Y NEGOCIOS GLOBAL INVESTRADE GLOBAL S.A.	K	ACTIVIDADES FINANCIERAS Y DE SEGUROS.	K6619.01	0	0	0	0	0	0	0	0	0	0	0	0	0	0	0	0	0	0	0	0	0	0	0	0	0	0	0	0	0	0	0	0	0	0	0	0	0	0	0	0	80,00	0	0	0	0	80,00	0	0	0	0	0	0	0	0	0	80,00	0	0	0	0	0	0	0	0	0	0	0	0	0	0	0	0	0	0	0	0	0	0	0	0	0	0	0	0	0	0	0	0	0	0	0	0	80,00	0	0	0	0	0	0	0	0	0	0	80,00	80,00	0	0	0	0	0	0	0	0	0	0	0	0	0	0	0	0	0	0	0	0	0	0	0	0	0	0	0	0	0	0	0	0	0	0	0	0	0	0	0	0	0	0	0	0	0	0	0	0	0	0	0	0	0	0	0	0	0	0	0	0	0	0	0	0	0	0	0	0	0	0	0	0	0	0	0	0	0	0	0	0	0	0	0	0	0	0	0	0	0	0	0	0	0	0	0	
2002	69555	0991279288001	PANCRUDO BIENES RAICES S.A.	M	ACTIVIDADES PROFESIONALES, CIENTÍFICAS Y TÉCNICAS.	M7010.00	0	0	0	2,43	0	0	0	0	0	0	0	43,22	0	0	0	0	0	0	0	0	0	0	45,65	6812,12	0	4541,42	0	0	0	0	0	0	0	0	0	11353,54	0	0	0	11353,54	0	0	0	0	0	0	0	0	0	0	0	0	0	0	0	11399,19	0	0	0	0	0	0	0	0	0	0	0	0	0	0	0	0	0	0	0	0	5428,59	0	0	0	0	0	0	0	5428,59	0	0	0	0	0	5428,59	0	800,00	0	0	0	0	5175,11	0	0	-4,51	0	0	5970,60	11399,19	0	0	0	0	0	0	0	0	0	0	0	0	0	0	0	0	0	0	0	0	0	0	0	0	0	0	0	0	0	0	0	0	0	0	0	0	0	0	0	0	0	0	0	0	0	0	0	0	0	0	0	0	0	0	0	0	0	0	0	0	0	0	0	0	0	0	0	0	0	0	0	0	0	0	0	0	0	0	0	0	0	0	0	0	0	0	0	0	0	0	0	0	0	0	0	
2002	69706	0991280812001	ABAFIL S.A.	G	COMERCIO AL POR MAYOR Y AL POR MENOR REPARACIÓN DE VEHÍCULOS AUTOMOTORES Y MOTOCICLETAS.	G4659.93	0	0	0	0	0	0	0	0	0	0	0	0	0	0	0	0	0	0	0	0	0	0	0	41319,45	0	0	0	0	0	0	0	0	0	0	0	41319,45	0	0	0	41319,45	91,25	0	0	0	0	91,25	0	0	0	0	0	0	0	0	0	41410,70	0	0	0	0	0	41210,70	0	0	0	0	0	0	0	0	0	41210,70	0	0	0	0	0	0	0	0	0	0	0	0	0	0	0	0	0	0	41210,70	0	200,00	0	0	0	0	0	0	0	0	0	0	200,00	41410,70	0	0	0	0	0	0	0	0	0	0	0	0	0	0	0	0	0	0	0	0	0	0	0	0	0	0	0	0	0	0	0	0	0	0	0	0	0	0	0	0	0	0	0	0	0	0	0	0	0	0	0	0	0	0	0	0	0	0	0	0	0	0	0	0	0	0	0	0	0	0	0	0	0	0	0	0	0	0	0	0	0	0	0	0	0	0	0	0	0	0	0	0	0	0	0	
2002	70024	0991285199001	NEGOCIOS VARIOS, NEVASA C.A.	L	ACTIVIDADES INMOBILIARIAS.	L6810.01	0	0	0	200,00	0	0	0	0	0	0	0	0	0	0	0	0	0	0	0	0	0	0	200,00	0	0	3145,00	0	0	0	0	0	0	0	-314,50	0	2830,50	0	0	0	2830,50	0	0	0	0	0	0	0	0	0	0	0	0	0	0	0	3030,50	0	0	0	0	0	0	0	0	0	0	0	0	0	0	0	0	0	0	0	0	0	0	0	0	0	0	0	0	0	0	0	0	0	0	0	0	200,00	0	3145,00	0	0	0	0	0	-157,25	0	-157,25	3030,50	3030,50	0	0	0	0	0	0	0	0	0	0	0	0	0	0	0	0	0	0	0	0	0	0	0	0	0	0	0	0	0	0	0	0	0	0	0	0	0	0	0	0	0	0	0	0	0	0	0	0	0	0	157,25	0	0	0	0	0	0	0	0	0	0	0	0	0	0	0	157,25	0	-157,25	0	0	0	0	0	0	0	0	0	0	0	0	-157,25	0	0	0	0	0	0	0	0	0	0	0	0	0	
2002	71664	0991279377001	INMOBILIARIA EDELINA S.A. INMEDEL	C	INDUSTRIAS MANUFACTURERAS.	C2021.01	0	0	0	0	0	0	0	0	0	0	0	0	0	0	0	0	0	0	0	0	0	0	0	0	159,84	0	,16	0	0	0	0	0	0	0	0	160,00	0	0	0	160,00	160,00	0	0	0	0	160,00	0	0	0	0	0	0	0	0	0	320,00	0	0	0	0	0	0	0	0	0	0	0	0	0	0	0	0	0	0	0	0	0	0	0	0	0	0	0	0	0	0	0	0	0	0	0	0	320,00	0	0	0	0	0	0	0	0	0	0	320,00	320,00	0	0	0	0	0	0	0	0	0	0	0	0	0	0	0	0	0	0	0	0	0	0	0	0	0	0	0	0	0	0	0	0	0	0	0	0	0	0	0	0	0	0	0	0	0	0	0	0	0	0	0	0	0	0	0	0	0	0	0	0	0	0	0	0	0	0	0	0	0	0	0	0	0	0	0	0	0	0	0	0	0	0	0	0	0	0	0	0	0	0	0	0	0	0	0	
2002	72526	0991320555001	INSUACORP S.A.	L	ACTIVIDADES INMOBILIARIAS.	L6820.03	0	0	0	800,00	0	0	0	0	0	0	0	0	0	0	0	0	0	0	0	0	0	0	800,00	0	18739,40	0	0	0	0	0	0	0	0	0	0	18739,40	0	0	0	18739,40	0	0	0	0	0	0	0	0	0	0	0	0	0	0	0	19539,40	0	0	0	0	0	0	0	0	0	0	0	0	0	0	0	0	0	0	0	0	18739,40	0	0	0	0	0	0	0	18739,40	0	0	0	0	0	18739,40	0	800,00	0	0	0	0	0	0	0	0	0	0	800,00	19539,40	0	0	0	0	0	0	0	0	0	0	0	0	0	0	0	0	0	0	0	0	0	0	0	0	0	0	0	0	0	0	0	0	0	0	0	0	0	0	0	0	0	0	0	0	0	0	0	0	0	0	0	0	0	0	0	0	0	0	0	0	0	0	0	0	0	0	0	0	0	0	0	0	0	0	0	0	0	0	0	0	0	0	0	0	0	0	0	0	0	0	0	0	0	0	0	
2002	72711	0991324569001	CONSTRUCTORA ANDRADE ANDRACONSTRUC S.A.	F	CONSTRUCCIÓN.	F4210.11	0	0	0	513,58	0	0	0	0	0	0	0	0	0	0	0	0	0	0	0	0	0	0	513,58	0	0	0	0	0	0	0	0	0	0	0	0	0	0	0	0	0	136,49	0	0	0	0	136,49	0	0	0	0	0	0	0	0	0	650,07	0	94,32	0	0	0	0	0	0	0	0	0	0	0	0	0	94,32	0	0	0	0	0	0	0	0	0	0	0	0	0	0	0	0	0	0	94,32	0	800,00	0	134,80	0	0	0	0	0	-379,05	0	0	555,75	650,07	0	0	0	0	0	0	0	0	0	0	0	0	0	0	0	0	0	0	0	0	0	0	0	0	0	0	0	0	0	0	0	0	0	0	0	0	0	0	0	0	0	0	0	0	0	0	0	0	0	0	0	0	0	0	0	0	0	0	0	0	0	0	0	0	0	0	0	0	0	0	0	0	0	0	0	0	0	0	0	0	0	0	0	0	0	0	0	0	0	0	0	0	0	0	0	
2002	72809	0991323961001	ALVARADO IMPORTS GAP S.A.	G	COMERCIO AL POR MAYOR Y AL POR MENOR REPARACIÓN DE VEHÍCULOS AUTOMOTORES Y MOTOCICLETAS.	G4690.00	0	0	0	209,28	0	550,10	0	0	0	0	0	0	0	0	0	6457,00	0	0	0	0	0	0	7216,38	0	7654,20	0	0	0	2333,49	0	0	0	0	-1594,02	0	8393,67	0	0	0	8393,67	248,63	0	0	0	-49,73	198,90	0	0	0	0	0	0	0	0	0	15808,95	0	0	0	0	0	0	0	84,18	0	0	0	0	0	0	0	84,18	0	0	0	0	4568,45	0	0	0	0	0	0	0	4568,45	0	0	0	0	0	4652,63	0	400,00	0	0	0	0	37,70	0	9211,31	0	1507,31	0	11156,32	15808,95	0	0	0	0	0	0	0	0	0	0	0	0	0	0	0	0	0	0	0	0	0	0	0	0	0	0	0	0	0	0	0	0	0	0	0	0	0	0	0	0	0	0	0	0	0	0	0	0	0	0	0	0	0	0	0	0	0	0	0	0	0	0	0	0	0	0	0	0	0	0	0	0	0	0	0	0	0	0	0	0	0	0	0	0	0	0	0	0	0	0	0	0	0	0	0	
2002	73986	0991345493001	BLOCKBUSTER VIDEO S.A.	C	INDUSTRIAS MANUFACTURERAS.	C2100.01	0	0	0	400,00	0	0	0	0	500,00	0	0	0	0	0	0	0	0	0	0	0	0	0	900,00	0	0	0	0	0	0	0	0	0	0	0	0	0	0	0	0	0	0	0	0	0	0	0	0	0	0	0	0	0	0	0	0	900,00	0	0	0	0	0	0	0	0	0	0	0	0	0	0	0	0	0	0	0	0	0	0	0	0	0	0	0	0	0	0	0	0	0	0	0	0	800,00	0	0	0	0	0	0	100,00	0	0	0	900,00	900,00	0	0	0	0	0	0	0	0	0	0	0	0	0	0	0	0	0	0	0	0	0	0	0	0	0	0	0	0	0	0	0	0	0	0	0	0	0	0	0	0	0	0	0	0	0	0	0	0	0	0	0	0	0	0	0	0	0	0	0	0	0	0	0	0	0	0	0	0	0	0	0	0	0	0	0	0	0	0	0	0	0	0	0	0	0	0	0	0	0	0	0	0	0	0	0	
2002	75737	0991368442001	AMEROFIL S.A.	G	COMERCIO AL POR MAYOR Y AL POR MENOR REPARACIÓN DE VEHÍCULOS AUTOMOTORES Y MOTOCICLETAS.	G4649.11	0	0	0	350,83	0	0	0	0	0	0	0	0	0	0	0	0	0	0	0	0	0	0	350,83	655,76	0	2623,06	0	0	0	0	0	0	0	-720,89	0	2557,93	0	0	0	2557,93	32,00	0	0	0	-19,20	12,80	0	0	0	0	0	0	0	0	0	2921,56	0	0	0	0	0	0	0	6,64	0	0	0	0	0	0	0	6,64	0	0	0	0	0	0	0	0	0	0	0	0	0	0	0	0	0	0	6,64	0	1000,00	0	0	0	0	0	0	1887,38	0	27,54	0	2914,92	2921,56	0	840,00	0	0	0	0	0	0	0	0	840,00	0	0	0	0	0	0	0	0	0	0	0	0	0	0	0	0	0	0	0	0	0	0	0	0	0	0	0	0	0	0	0	0	0	600,00	0	0	0	78,11	131,15	0	3,20	0	0	0	0	0	0	0	0	0	0	0	0	0	0	812,46	27,54	0	0	0	0	0	0	0	0	0	0	0	0	27,54	0	0	27,54	6,89	0	0	0	0	0	0	0	6,89	0	0	
2002	76446	0991378189001	DAINTILY S.A.	G	COMERCIO AL POR MAYOR Y AL POR MENOR REPARACIÓN DE VEHÍCULOS AUTOMOTORES Y MOTOCICLETAS.	G4630.91	0	0	0	0	0	0	0	0	0	0	0	0	0	0	0	0	0	0	0	0	0	0	0	0	0	517470,00	0	0	0	0	0	0	0	-112608,45	0	404861,55	0	0	0	404861,55	0	1882,00	0	0	0	1882,00	0	0	0	0	0	0	0	0	0	406743,55	0	0	0	257646,20	0	0	0	0	0	0	0	0	0	0	0	257646,20	0	0	0	0	0	0	0	0	0	0	0	0	0	0	0	0	0	0	257646,20	0	200,00	0	0	112,00	0	156544,00	0	3358,00	-11116,65	0	0	149097,35	406743,55	0	0	0	0	0	0	0	0	0	0	0	0	0	0	0	0	0	0	0	0	0	0	0	0	0	0	0	0	0	0	0	0	0	0	0	0	0	0	0	0	0	0	0	0	0	0	0	0	0	0	0	0	0	0	0	0	0	0	0	0	0	0	0	0	0	0	0	0	0	0	0	0	0	0	0	0	0	0	0	0	0	0	0	0	0	0	0	0	0	0	0	0	0	0	0	
2002	77039	0991320946001	TRAPOMT S.A. TRAPOMTSA	L	ACTIVIDADES INMOBILIARIAS.	L6810.01	0	0	0	200,00	0	0	0	0	0	0	0	0	0	0	0	0	0	0	0	0	0	0	200,00	0	0	0	0	0	0	0	0	0	0	0	0	0	0	0	0	0	0	0	0	0	0	0	0	0	0	0	0	0	0	0	0	200,00	0	0	0	0	0	0	0	0	0	0	0	0	0	0	0	0	0	0	0	0	0	0	0	0	0	0	0	0	0	0	0	0	0	0	0	0	200,00	0	0	0	0	0	0	0	0	0	0	200,00	200,00	391,00	0	0	0	0	0	0	0	0	0	391,00	0	0	0	0	0	0	0	0	0	0	0	0	0	0	0	0	0	0	0	0	0	0	0	0	0	0	0	0	0	0	0	0	0	0	0	0	0	0	0	0	0	0	0	0	0	0	0	0	0	0	0	0	0	0	391,00	391,00	0	0	0	0	0	0	0	0	0	0	0	0	0	0	0	0	0	0	0	0	0	0	0	0	0	0	0	0	
2002	77444	0991382739001	CONSIMACRO S.A.	C	INDUSTRIAS MANUFACTURERAS.	C1050.01	0	0	0	200,00	0	0	0	0	0	0	0	0	0	0	0	0	0	0	0	0	0	0	200,00	2000,00	8000,00	0	0	0	0	0	0	0	0	0	0	10000,00	0	0	0	10000,00	0	0	0	0	0	0	0	0	0	0	0	0	0	0	0	10200,00	0	0	0	0	0	0	0	0	0	0	0	0	0	0	0	0	0	0	0	0	10000,00	0	0	0	0	0	0	0	10000,00	0	0	0	0	0	10000,00	0	200,00	0	0	0	0	0	0	0	0	0	0	200,00	10200,00	0	0	0	0	0	0	0	0	0	0	0	0	0	0	0	0	0	0	0	0	0	0	0	0	0	0	0	0	0	0	0	0	0	0	0	0	0	0	0	0	0	0	0	0	0	0	0	0	0	0	0	0	0	0	0	0	0	0	0	0	0	0	0	0	0	0	0	0	0	0	0	0	0	0	0	0	0	0	0	0	0	0	0	0	0	0	0	0	0	0	0	0	0	0	0	
2002	77562	0992257482001	JOPACAM S.A.	F	CONSTRUCCIÓN.	F4100.10	0	0	0	27,20	0	387,26	0	0	0	0	0	0	0	0	0	0	0	0	0	0	0	0	414,46	0	7115,71	0	0	0	0	0	0	0	0	-1313,83	0	5801,88	0	0	0	5801,88	149,66	0	0	3706,19	-86,39	3769,46	0	0	0	0	0	0	0	0	0	9985,80	0	0	0	0	0	0	0	0	0	0	0	0	0	0	0	0	0	0	0	0	0	0	0	0	0	0	0	0	0	0	0	0	0	0	0	0	800,00	0	0	0	0	9185,80	0	0	0	0	0	9985,80	9985,80	0	0	0	0	0	0	0	0	0	0	0	0	0	0	0	0	0	0	0	0	0	0	0	0	0	0	0	0	0	0	0	0	0	0	0	0	0	0	0	0	0	0	0	0	0	0	0	0	0	0	0	0	0	0	0	0	0	0	0	0	0	0	0	0	0	0	0	0	0	0	0	0	0	0	0	0	0	0	0	0	0	0	0	0	0	0	0	0	0	0	0	0	0	0	0	
2002	77970	0991404783001	FRONTI S.A.	L	ACTIVIDADES INMOBILIARIAS.	L6810.01	0	0	0	650,00	0	0	0	0	2115,23	756,00	0	244,80	0	0	0	0	0	0	0	0	0	2000,00	5766,03	0	0	0	0	0	0	0	0	0	0	0	0	0	0	0	0	0	80,00	0	0	0	-24,00	56,00	0	0	0	0	0	0	0	0	0	5822,03	0	0	0	0	0	0	0	1080,00	0	0	0	0	0	0	0	1080,00	0	0	0	0	0	0	0	0	0	0	0	0	0	0	0	0	0	0	1080,00	0	200,00	0	600,00	0	0	823,17	0	1598,83	0	1520,03	0	4742,03	5822,03	18393,50	0	0	0	0	0	0	0	0	0	18393,50	0	0	0	0	0	0	0	0	0	0	0	0	0	1200,40	0	0	0	0	0	0	0	0	0	0	0	0	0	0	0	0	0	4046,37	0	367,87	518,30	2102,27	0	300,53	0	0	800,00	0	0	0	0	0	0	0	0	0	7537,73	0	0	0	0	16873,47	1520,03	0	-228,00	0	0	0	0	0	0	0	0	0	0	1292,03	0	0	1292,03	323,01	0	0	0	0	0	0	0	323,01	0	0	
2002	78191	1290068017001	MIGMARSA S.A.	G	COMERCIO AL POR MAYOR Y AL POR MENOR REPARACIÓN DE VEHÍCULOS AUTOMOTORES Y MOTOCICLETAS.	G4742.00	0	0	0	50,00	0	0	0	0	150,00	0	0	0	0	0	0	0	0	0	0	0	0	0	200,00	1800,00	0	0	0	0	0	0	0	0	0	0	0	1800,00	0	0	0	1800,00	0	0	0	0	0	0	0	0	0	0	0	0	0	0	0	2000,00	0	0	0	0	0	0	0	0	0	0	0	0	0	0	0	0	0	0	0	0	0	0	0	0	0	0	0	0	0	0	0	0	0	0	0	0	2000,00	0	0	0	0	0	0	0	0	0	0	2000,00	2000,00	0	0	0	0	0	0	0	0	0	0	0	0	0	0	0	0	0	0	0	0	0	0	0	0	0	0	0	0	0	0	0	0	0	0	0	0	0	0	0	0	0	0	0	0	0	0	0	0	0	0	0	0	0	0	0	0	0	0	0	0	0	0	0	0	0	0	0	0	0	0	0	0	0	0	0	0	0	0	0	0	0	0	0	0	0	0	0	0	0	0	0	0	0	0	0	
2002	78587	0991411178001	INVESTGENERAL S.A.	B	EXPLOTACIÓN DE MINAS Y CANTERAS.	B0910.01	0	0	0	200,00	0	0	0	0	0	0	0	0	0	0	0	0	0	0	0	0	0	0	200,00	0	0	0	0	0	0	0	0	0	0	0	0	0	0	0	0	0	0	0	0	0	0	0	0	0	0	0	0	0	0	0	0	200,00	0	0	0	0	0	0	0	0	0	0	0	0	0	0	0	0	0	0	0	0	0	0	0	0	0	0	0	0	0	0	0	0	0	0	0	0	200,00	0	0	0	0	0	0	0	0	0	0	200,00	200,00	0	0	0	0	0	0	0	0	0	0	0	0	0	0	0	0	0	0	0	0	0	0	0	0	0	0	0	0	0	0	0	0	0	0	0	0	0	0	0	0	0	0	0	0	0	0	0	0	0	0	0	0	0	0	0	0	0	0	0	0	0	0	0	0	0	0	0	0	0	0	0	0	0	0	0	0	0	0	0	0	0	0	0	0	0	0	0	0	0	0	0	0	0	0	0	
2002	78672	0991413235001	HUTOMO S.A.	G	COMERCIO AL POR MAYOR Y AL POR MENOR REPARACIÓN DE VEHÍCULOS AUTOMOTORES Y MOTOCICLETAS.	G4690.00	0	0	0	36,85	0	0	0	0	0	0	0	0	0	0	0	0	0	0	0	0	0	0	36,85	425,11	1133,16	0	0	0	0	0	0	0	0	-163,27	0	1395,00	0	0	0	1395,00	61,03	0	0	61,08	-79,38	42,73	0	0	0	0	0	0	0	0	0	1474,58	0	0	0	0	0	0	0	58,30	0	0	31,25	0	0	0	0	89,55	0	0	0	0	300,00	0	0	0	0	0	0	0	300,00	0	0	0	0	0	389,55	0	200,00	0	0	36,34	37,09	678,81	0	0	0	132,79	0	1085,03	1474,58	0	0	0	0	0	0	0	0	0	0	0	0	0	0	0	0	0	0	0	0	0	0	0	0	0	0	0	0	0	0	0	0	0	0	0	0	0	0	0	0	0	0	0	0	0	0	0	0	0	0	0	0	0	0	0	0	0	0	0	0	0	0	0	0	0	0	0	0	0	0	0	0	0	0	0	0	0	0	0	0	0	0	0	0	0	0	0	0	0	0	0	0	0	0	0	
2002	78901	0991415211001	MAXIFRIO S.A.	M	ACTIVIDADES PROFESIONALES, CIENTÍFICAS Y TÉCNICAS.	M7110.11	0	0	0	303,89	0	219,40	-2,19	0	0	0	156,15	49,86	0	0	0	0	0	850,05	0	0	0	0	1577,16	0	0	0	0	1383,00	0	0	0	2043,00	0	-824,03	0	2601,97	0	0	0	2601,97	0	0	0	0	0	0	0	0	0	0	0	0	0	0	0	4179,13	0	1358,76	0	0	0	0	0	0	230,27	0	162,54	0	0	0	0	1751,57	0	952,49	0	0	0	0	0	0	0	0	0	0	952,49	0	0	0	0	0	2704,06	0	800,00	0	0	0	0	0	0	202,26	-218,00	690,81	0	1475,07	4179,13	0	0	0	0	0	0	0	0	0	0	0	0	0	0	0	0	0	0	0	0	0	0	0	0	0	0	0	0	0	0	0	0	0	0	0	0	0	0	0	0	0	0	0	0	0	0	0	0	0	0	0	0	0	0	0	0	0	0	0	0	0	0	0	0	0	0	0	0	0	0	0	0	0	0	0	0	0	0	0	0	0	0	0	0	0	0	0	0	0	0	0	0	0	0	0	
2002	79950	0991426965001	SABI S.A.	G	COMERCIO AL POR MAYOR Y AL POR MENOR REPARACIÓN DE VEHÍCULOS AUTOMOTORES Y MOTOCICLETAS.	G4649.99	0	0	0	800,00	0	0	0	0	0	0	0	0	0	0	0	0	0	0	0	0	0	0	800,00	0	0	0	0	0	0	0	0	0	0	0	0	0	0	0	0	0	0	0	0	0	0	0	0	0	0	0	0	0	0	0	0	800,00	0	0	0	0	0	0	0	0	0	0	0	0	0	0	0	0	0	0	0	0	0	0	0	0	0	0	0	0	0	0	0	0	0	0	0	0	800,00	0	0	0	0	0	0	0	0	0	0	800,00	800,00	0	0	0	0	0	0	0	0	0	0	0	0	0	0	0	0	0	0	0	0	0	0	0	0	0	0	0	0	0	0	0	0	0	0	0	0	0	0	0	0	0	0	0	0	0	0	0	0	0	0	0	0	0	0	0	0	0	0	0	0	0	0	0	0	0	0	0	0	0	0	0	0	0	0	0	0	0	0	0	0	0	0	0	0	0	0	0	0	0	0	0	0	0	0	0	
2002	81523	0991448136001	MONTALETE S.A.	M	ACTIVIDADES PROFESIONALES, CIENTÍFICAS Y TÉCNICAS.	M7020.04	0	0	0	362,12	0	0	0	0	0	0	0	0	0	0	0	0	0	0	0	0	0	0	362,12	0	2293,85	0	0	0	0	0	0	16453,02	0	-3399,83	0	15347,04	0	0	0	15347,04	3641,32	0	0	0	0	3641,32	0	0	0	0	0	0	0	0	0	19350,48	0	7059,46	0	0	0	0	0	0	0	0	0	0	0	0	0	7059,46	0	0	0	0	10865,10	0	0	0	0	0	0	0	10865,10	0	0	0	0	0	17924,56	0	800,00	0	0	0	362,30	0	263,62	0	0	0	0	1425,92	19350,48	0	0	0	0	0	0	0	0	0	0	0	0	0	0	0	0	0	0	0	0	0	0	0	0	0	0	0	0	0	0	0	0	0	0	0	0	0	0	0	0	0	0	0	0	0	0	0	0	0	0	0	0	0	0	0	0	0	0	0	0	0	0	0	0	0	0	0	0	0	0	0	0	0	0	0	0	0	0	0	0	0	0	0	0	0	0	0	0	0	0	0	0	0	0	0	
2002	82071	0991453075001	CIELMANTI S.A.	G	COMERCIO AL POR MAYOR Y AL POR MENOR REPARACIÓN DE VEHÍCULOS AUTOMOTORES Y MOTOCICLETAS.	G4761.03	0	0	0	200,00	0	0	0	0	0	0	0	0	0	0	0	0	0	0	0	0	0	0	200,00	0	4358,28	0	0	0	0	0	0	0	0	-776,51	0	3581,77	0	0	0	3581,77	0	0	0	0	0	0	0	0	0	0	0	0	0	0	0	3781,77	0	0	0	0	0	0	0	0	0	0	0	0	0	0	0	0	915,75	0	0	0	0	0	0	0	0	0	0	0	915,75	0	0	0	0	0	915,75	0	200,00	0	0	3442,53	0	0	0	0	-558,60	0	-217,91	2866,02	3781,77	0	0	0	0	0	0	0	0	0	0	0	0	0	0	0	0	0	0	0	0	0	0	0	0	0	0	0	0	0	0	0	0	0	0	0	0	0	0	0	0	0	0	0	0	0	0	0	0	0	217,91	0	0	0	0	0	0	0	0	0	0	0	0	0	0	0	0	217,91	0	-217,91	0	0	0	0	0	0	0	0	0	0	0	0	-217,91	0	0	0	0	0	0	0	0	0	0	0	0	0	
2002	82868	0991461876001	DILILAND S.A.	I	ACTIVIDADES DE ALOJAMIENTO Y DE SERVICIO DE COMIDAS.	I5610.01	0	0	0	50,00	0	0	0	0	150,00	0	0	0	0	0	0	0	0	0	0	0	0	0	200,00	0	0	0	0	0	0	0	0	0	0	0	0	0	0	0	0	0	128,03	0	0	0	0	128,03	0	0	0	0	0	0	0	0	0	328,03	0	128,03	0	0	0	0	0	0	0	0	0	0	0	0	0	128,03	0	0	0	0	0	0	0	0	0	0	0	0	0	0	0	0	0	0	128,03	0	200,00	0	0	0	0	0	0	0	0	0	0	200,00	328,03	0	0	0	0	0	0	0	0	0	0	0	0	0	0	0	0	0	0	0	0	0	0	0	0	0	0	0	0	0	0	0	0	0	0	0	0	0	0	0	0	0	0	0	0	0	0	0	0	0	0	0	0	0	0	0	0	0	0	0	0	0	0	0	0	0	0	0	0	0	0	0	0	0	0	0	0	0	0	0	0	0	0	0	0	0	0	0	0	0	0	0	0	0	0	0	
2002	84105	0991495169001	CAMBALA S.A.	L	ACTIVIDADES INMOBILIARIAS.	L6810.01	0	0	0	800,00	0	0	0	0	0	0	0	0	0	0	0	0	0	0	0	0	0	0	800,00	0	0	0	0	0	0	0	0	0	0	0	0	0	0	0	0	0	0	0	0	0	0	0	0	0	0	0	0	0	0	0	0	800,00	0	0	0	0	0	0	0	0	0	0	0	0	0	0	0	0	0	0	0	0	0	0	0	0	0	0	0	0	0	0	0	0	0	0	0	0	800,00	0	0	0	0	0	0	0	0	0	0	800,00	800,00	0	0	0	0	0	0	0	0	0	0	0	0	0	0	0	0	0	0	0	0	0	0	0	0	0	0	0	0	0	0	0	0	0	0	0	0	0	0	0	0	0	0	0	0	0	0	0	0	0	0	0	0	0	0	0	0	0	0	0	0	0	0	0	0	0	0	0	0	0	0	0	0	0	0	0	0	0	0	0	0	0	0	0	0	0	0	0	0	0	0	0	0	0	0	0	
2002	84257	0991501231001	SEGURIDAD ASESORAMIENTO PROTECCION Y ELECTRONICA S.A. SAPEL	N	ACTIVIDADES DE SERVICIOS ADMINISTRATIVOS Y DE APOYO.	N8010.01	0	0	0	50,00	0	0	0	0	0	0	0	0	0	0	0	0	0	0	0	0	0	0	50,00	0	0	0	0	0	0	0	0	0	0	0	0	0	0	0	0	0	0	0	0	0	0	0	0	0	0	0	0	0	0	0	0	50,00	0	0	0	0	0	0	0	0	0	0	0	0	0	0	0	0	0	0	0	0	0	0	0	0	0	0	0	0	0	0	0	0	0	0	0	0	200,00	-150,00	0	0	0	0	0	0	0	0	0	50,00	50,00	0	0	0	0	0	0	0	0	0	0	0	0	0	0	0	0	0	0	0	0	0	0	0	0	0	0	0	0	0	0	0	0	0	0	0	0	0	0	0	0	0	0	0	0	0	0	0	0	0	0	0	0	0	0	0	0	0	0	0	0	0	0	0	0	0	0	0	0	0	0	0	0	0	0	0	0	0	0	0	0	0	0	0	0	0	0	0	0	0	0	0	0	0	0	0	
2002	84644	0991511342001	TORZATEL S.A.	A	AGRICULTURA, GANADERÍA,  SILVICULTURA Y PESCA.	A0150.00	0	0	0	0	0	0	0	0	0	0	0	0	0	0	0	0	0	0	0	0	0	0	0	6900,00	0	0	0	0	0	0	0	0	0	0	0	6900,00	0	0	0	6900,00	130,58	0	0	0	0	130,58	0	0	0	0	0	0	0	0	0	7030,58	0	1270,58	0	0	0	0	0	0	0	0	0	0	0	0	0	1270,58	0	0	0	0	0	0	0	0	0	0	0	0	0	0	0	0	0	0	1270,58	0	200,00	0	0	0	0	5560,00	0	0	0	0	0	5760,00	7030,58	0	0	0	0	0	0	0	0	0	0	0	0	0	0	0	0	0	0	0	0	0	0	0	0	0	0	0	0	0	0	0	0	0	0	0	0	0	0	0	0	0	0	0	0	0	0	0	0	0	0	0	0	0	0	0	0	0	0	0	0	0	0	0	0	0	0	0	0	0	0	0	0	0	0	0	0	0	0	0	0	0	0	0	0	0	0	0	0	0	0	0	0	0	0	0	
2002	86147	1791401115001	FABRICACION, CONSTRUCCION, REBOBINAJE DE MAQUINA ELEC. INDUSTRIALES FACOILSA S.A.	G	COMERCIO AL POR MAYOR Y AL POR MENOR REPARACIÓN DE VEHÍCULOS AUTOMOTORES Y MOTOCICLETAS.	G4659.93	0	0	0	11804,14	0	54265,18	0	0	0	0	0	383,04	0	0	838,39	0	0	0	0	0	0	0	67290,75	0	0	0	369,39	0	9244,20	0	4121,29	0	0	-5313,20	0	8421,68	0	-638,95	-638,95	7782,73	815,69	0	0	0	0	815,69	0	0	0	0	0	0	0	0	0	75889,17	0	66975,03	0	0	0	0	0	0	0	,48	0	0	0	0	0	66975,51	0	0	0	0	0	0	0	0	0	0	0	0	0	0	0	0	0	0	66975,51	0	8336,78	0	0	0	0	0	0	0	0	576,88	0	8913,66	75889,17	61794,50	0	0	0	0	0	0	0	0	0	61794,50	0	0	0	0	0	33892,62	0	0	0	0	0	0	0	17050,00	0	0	0	0	0	0	0	0	0	0	0	0	0	0	0	0	0	0	0	0	0	2500,00	0	3675,00	4000,00	0	0	0	0	0	0	0	0	0	0	0	100,00	0	0	0	0	61217,62	576,88	0	0	0	0	0	0	0	0	0	0	0	0	576,88	0	0	576,88	144,22	0	0	0	0	0	0	0	144,22	0	0	
2002	86359	1791403274001	COMPANIA DE TAXIS SIGLO XXI COTSIVE CIA. LTDA.	H	TRANSPORTE Y ALMACENAMIENTO.	H4922.02	0	0	0	400,00	0	0	0	0	0	0	0	0	0	0	0	0	0	0	0	0	0	0	400,00	0	0	0	0	0	0	0	0	0	0	0	0	0	0	0	0	0	0	0	0	0	0	0	0	0	0	0	0	0	0	0	0	400,00	0	0	0	0	0	0	0	0	0	0	0	0	0	0	0	0	0	0	0	0	0	0	0	0	0	0	0	0	0	0	0	0	0	0	0	0	400,00	0	0	0	0	0	0	0	0	0	0	400,00	400,00	0	0	0	0	0	0	0	0	0	0	0	0	0	0	0	0	0	0	0	0	0	0	0	0	0	0	0	0	0	0	0	0	0	0	0	0	0	0	0	0	0	0	0	0	0	0	0	0	0	0	0	0	0	0	0	0	0	0	0	0	0	0	0	0	0	0	0	0	0	0	0	0	0	0	0	0	0	0	0	0	0	0	0	0	0	0	0	0	0	0	0	0	0	0	0	
2002	92239	1791817567001	PLAZA UNO S.A. PLAZAUNO	L	ACTIVIDADES INMOBILIARIAS.	L6820.03	0	0	0	2848,21	0	0	0	0	0	0	0	0	0	0	0	0	0	0	0	0	0	0	2848,21	0	0	0	0	0	0	0	0	0	0	0	0	0	0	0	0	0	2168,94	0	0	0	0	2168,94	0	0	0	0	0	0	0	0	0	5017,15	0	0	0	0	0	0	0	17,15	0	0	0	0	0	0	0	17,15	0	0	0	0	0	0	0	0	0	0	0	0	0	0	0	0	0	0	17,15	0	10000,00	-5000,00	0	0	0	0	0	0	0	0	0	5000,00	5017,15	0	0	0	0	0	0	0	0	0	0	0	0	0	0	0	0	0	0	0	0	0	0	0	0	0	0	0	0	0	0	0	0	0	0	0	0	0	0	0	0	0	0	0	0	0	0	0	0	0	0	0	0	0	0	0	0	0	0	0	0	0	0	0	0	0	0	0	0	0	0	0	0	0	0	0	0	0	0	0	0	0	0	0	0	0	0	0	0	0	0	0	0	0	0	0	
2002	93179	1791839633001	PANAMERICANA DE ALIMENTOS PANAFOODS CIA. LTDA	G	COMERCIO AL POR MAYOR Y AL POR MENOR REPARACIÓN DE VEHÍCULOS AUTOMOTORES Y MOTOCICLETAS.	G4630.99	0	0	0	400,00	0	0	0	0	0	0	0	0	0	0	0	0	0	0	0	0	0	0	400,00	0	0	0	0	0	0	0	0	0	0	0	0	0	0	0	0	0	0	0	0	0	0	0	0	0	0	0	0	0	0	0	0	400,00	0	0	0	0	0	0	0	0	0	0	0	0	0	0	0	0	0	0	0	0	0	0	0	0	0	0	0	0	0	0	0	0	0	0	0	0	400,00	0	0	0	0	0	0	0	0	0	0	400,00	400,00	0	0	0	0	0	0	0	0	0	0	0	0	0	0	0	0	0	0	0	0	0	0	0	0	0	0	0	0	0	0	0	0	0	0	0	0	0	0	0	0	0	0	0	0	0	0	0	0	0	0	0	0	0	0	0	0	0	0	0	0	0	0	0	0	0	0	0	0	0	0	0	0	0	0	0	0	0	0	0	0	0	0	0	0	0	0	0	0	0	0	0	0	0	0	0	
2002	93439	1791848098001	DISTRIBUIDORA GABEL S.A	G	COMERCIO AL POR MAYOR Y AL POR MENOR REPARACIÓN DE VEHÍCULOS AUTOMOTORES Y MOTOCICLETAS.	G4772.04	0	0	0	200,00	0	0	0	600,00	0	0	0	0	0	0	0	0	0	0	0	0	0	0	800,00	0	0	0	0	0	0	0	0	0	0	0	0	0	0	0	0	0	0	0	0	0	0	0	0	0	0	0	0	0	0	0	0	800,00	0	0	0	0	0	0	0	0	0	0	0	0	0	0	0	0	0	0	0	0	0	0	0	0	0	0	0	0	0	0	0	0	0	0	0	0	800,00	0	0	0	0	0	0	0	0	0	0	800,00	800,00	0	0	0	0	0	0	0	0	0	0	0	0	0	0	0	0	0	0	0	0	0	0	0	0	0	0	0	0	0	0	0	0	0	0	0	0	0	0	0	0	0	0	0	0	0	0	0	0	0	0	0	0	0	0	0	0	0	0	0	0	0	0	0	0	0	0	0	0	0	0	0	0	0	0	0	0	0	0	0	0	0	0	0	0	0	0	0	0	0	0	0	0	0	0	0	
2002	93793	1791857879001	EMPRESA ASESORA DEL TRANSPORTE - E.A.T. CIA. LTDA.	H	TRANSPORTE Y ALMACENAMIENTO.	H5229.02	0	0	0	385,00	0	0	0	0	0	0	0	0	0	0	0	0	0	0	0	0	0	0	385,00	0	0	0	0	665,00	0	0	750,00	0	0	0	0	1415,00	0	0	0	1415,00	0	0	0	0	0	0	0	0	0	0	0	0	0	0	0	1800,00	0	1000,00	0	0	0	0	0	0	0	0	0	0	0	0	0	1000,00	0	0	0	0	0	0	0	0	0	0	0	0	0	0	0	0	0	0	1000,00	0	800,00	0	0	0	0	0	0	0	0	0	0	800,00	1800,00	0	0	0	0	0	0	0	0	0	0	0	0	0	0	0	0	0	0	0	0	0	0	0	0	0	0	0	0	0	0	0	0	0	0	0	0	0	0	0	0	0	0	0	0	0	0	0	0	0	0	0	0	0	0	0	0	0	0	0	0	0	0	0	0	0	0	0	0	0	0	0	0	0	0	0	0	0	0	0	0	0	0	0	0	0	0	0	0	0	0	0	0	0	0	0	
2002	93891	1791859340001	OFFICE COMPUTER CENTER S.A.	G	COMERCIO AL POR MAYOR Y AL POR MENOR REPARACIÓN DE VEHÍCULOS AUTOMOTORES Y MOTOCICLETAS.	G4651.01	0	0	0	0	0	0	0	1620,00	0	2148,10	0	0	0	0	0	0	0	0	0	0	0	0	3768,10	0	0	0	0	0	0	0	0	0	0	0	0	0	17880,80	0	17880,80	17880,80	0	0	0	0	0	0	0	0	0	0	0	0	0	0	0	21648,90	0	19869,81	0	0	0	0	0	179,09	0	0	0	0	0	0	0	20048,90	0	0	0	0	0	0	0	0	0	0	0	0	0	0	0	0	0	0	20048,90	0	1600,00	0	0	0	0	0	0	0	0	0	0	1600,00	21648,90	0	0	0	0	0	0	0	0	0	0	0	0	0	0	0	0	0	0	0	0	0	0	0	0	0	0	0	0	0	0	0	0	0	0	0	0	0	0	0	0	0	0	0	0	0	0	0	0	0	0	0	0	0	0	0	0	0	0	0	0	0	0	0	0	0	0	0	0	0	0	0	0	0	0	0	0	0	0	0	0	0	0	0	0	0	0	0	0	0	0	0	0	0	0	0	
2002	93933	1791863275001	AGRYSUPPORT S.A.	K	ACTIVIDADES FINANCIERAS Y DE SEGUROS.	K6619.02	0	0	0	1000,00	0	0	0	0	0	0	0	0	0	0	0	0	0	0	0	0	0	0	1000,00	0	0	0	0	0	0	0	0	0	0	0	0	0	0	0	0	0	0	0	0	0	0	0	0	0	0	0	0	0	0	0	0	1000,00	0	0	0	0	0	0	0	0	0	0	0	0	0	0	0	0	0	0	0	0	0	0	0	0	0	0	0	0	0	0	0	0	0	0	0	0	1000,00	0	0	0	0	0	0	0	0	0	0	1000,00	1000,00	0	0	0	0	0	0	0	0	0	0	0	0	0	0	0	0	0	0	0	0	0	0	0	0	0	0	0	0	0	0	0	0	0	0	0	0	0	0	0	0	0	0	0	0	0	0	0	0	0	0	0	0	0	0	0	0	0	0	0	0	0	0	0	0	0	0	0	0	0	0	0	0	0	0	0	0	0	0	0	0	0	0	0	0	0	0	0	0	0	0	0	0	0	0	0	
2002	98885	0991517952001	CONAIT S.A.	A	AGRICULTURA, GANADERÍA,  SILVICULTURA Y PESCA.	A0161.01	0	0	0	0	0	0	0	0	0	0	0	0	0	0	0	0	0	0	0	0	0	0	0	3500,00	0	0	0	0	0	0	0	0	0	0	0	3500,00	0	0	0	3500,00	500,00	0	0	0	0	500,00	0	0	0	0	0	0	0	0	0	4000,00	0	0	0	0	0	0	0	0	0	0	0	0	0	0	0	0	0	0	0	0	0	0	0	0	0	0	0	0	0	0	0	0	0	0	0	0	4000,00	0	0	0	0	0	0	0	0	0	0	4000,00	4000,00	0	0	0	0	0	0	0	0	0	0	0	0	0	0	0	0	0	0	0	0	0	0	0	0	0	0	0	0	0	0	0	0	0	0	0	0	0	0	0	0	0	0	0	0	0	0	0	0	0	0	0	0	0	0	0	0	0	0	0	0	0	0	0	0	0	0	0	0	0	0	0	0	0	0	0	0	0	0	0	0	0	0	0	0	0	0	0	0	0	0	0	0	0	0	0	
2002	99276	0992116285001	UTIMEL S.A.	Z	DEPURAR	ZZZZZ.ZZ	0	0	0	200,00	0	0	0	0	0	0	0	0	0	0	0	0	0	0	0	0	0	0	200,00	5000,00	0	0	0	0	0	0	0	0	0	0	0	5000,00	0	0	0	5000,00	0	0	0	0	0	0	0	0	0	0	0	0	0	0	0	5200,00	0	0	0	0	0	0	0	0	0	0	0	0	0	0	0	0	0	0	0	0	5000,00	0	0	0	0	0	0	0	5000,00	0	0	0	0	0	5000,00	0	200,00	0	0	0	0	0	0	0	0	0	0	200,00	5200,00	0	0	0	0	0	0	0	0	0	0	0	0	0	0	0	0	0	0	0	0	0	0	0	0	0	0	0	0	0	0	0	0	0	0	0	0	0	0	0	0	0	0	0	0	0	0	0	0	0	0	0	0	0	0	0	0	0	0	0	0	0	0	0	0	0	0	0	0	0	0	0	0	0	0	0	0	0	0	0	0	0	0	0	0	0	0	0	0	0	0	0	0	0	0	0	
2002	99416	0992105615001	VANCER S.A.	L	ACTIVIDADES INMOBILIARIAS.	L6810.01	0	0	0	200,00	0	0	0	0	0	0	0	0	0	0	0	0	0	0	0	0	0	0	200,00	0	0	0	0	0	0	0	0	0	0	0	0	0	0	0	0	0	850,00	0	0	0	0	850,00	0	0	0	0	0	0	0	0	0	1050,00	0	180,00	0	0	0	0	0	0	0	0	0	0	0	70,00	0	250,00	0	0	0	0	0	0	0	0	0	0	0	0	0	0	0	0	0	0	250,00	0	800,00	0	0	0	0	0	0	0	0	0	0	800,00	1050,00	0	0	0	0	0	0	0	0	0	0	0	0	0	0	0	0	0	0	0	0	0	0	0	0	0	0	0	0	0	0	0	0	0	0	0	0	0	0	0	0	0	0	0	0	0	0	0	0	0	0	0	0	0	0	0	0	0	0	0	0	0	0	0	0	0	0	0	0	0	0	0	0	0	0	0	0	0	0	0	0	0	0	0	0	0	0	0	0	0	0	0	0	0	0	0	
2002	99433	0992104864001	COMLEDE S.A.	G	COMERCIO AL POR MAYOR Y AL POR MENOR REPARACIÓN DE VEHÍCULOS AUTOMOTORES Y MOTOCICLETAS.	G4530.00	0	0	0	200,00	0	0	0	0	0	0	0	0	0	0	0	0	0	0	0	0	0	0	200,00	0	0	0	0	0	0	0	0	0	0	0	0	0	0	0	0	0	0	0	0	0	0	0	0	0	0	0	0	0	0	0	0	200,00	0	0	0	0	0	0	0	0	0	0	0	0	0	0	0	0	0	0	0	0	0	0	0	0	0	0	0	0	0	0	0	0	0	0	0	0	200,00	0	0	0	0	0	0	0	0	0	0	200,00	200,00	0	0	0	0	0	0	0	0	0	0	0	0	0	0	0	0	0	0	0	0	0	0	0	0	0	0	0	0	0	0	0	0	0	0	0	0	0	0	0	0	0	0	0	0	0	0	0	0	0	0	0	0	0	0	0	0	0	0	0	0	0	0	0	0	0	0	0	0	0	0	0	0	0	0	0	0	0	0	0	0	0	0	0	0	0	0	0	0	0	0	0	0	0	0	0	
2002	100382	0992120622001	DOLARCORP S.A.	L	ACTIVIDADES INMOBILIARIAS.	L6810.01	0	0	0	165,71	0	0	0	0	0	0	0	1900,24	0	0	0	0	0	0	0	0	0	0	2065,95	0	0	0	0	0	0	0	0	0	0	0	0	0	0	0	0	0	0	0	0	0	0	0	0	0	0	0	0	0	0	0	0	2065,95	0	0	0	0	0	1265,95	0	0	0	0	0	0	0	0	0	1265,95	0	0	0	0	0	0	0	0	0	0	0	0	0	0	0	0	0	0	1265,95	0	800,00	0	0	0	0	0	0	0	0	0	0	800,00	2065,95	0	0	0	0	0	0	0	0	0	0	0	0	0	0	0	0	0	0	0	0	0	0	0	0	0	0	0	0	0	0	0	0	0	0	0	0	0	0	0	0	0	0	0	0	0	0	0	0	0	0	0	0	0	0	0	0	0	0	0	0	0	0	0	0	0	0	0	0	0	0	0	0	0	0	0	0	0	0	0	0	0	0	0	0	0	0	0	0	0	0	0	0	0	0	0	
2002	100605	0992123621001	IMPORLINE S.A.	G	COMERCIO AL POR MAYOR Y AL POR MENOR REPARACIÓN DE VEHÍCULOS AUTOMOTORES Y MOTOCICLETAS.	G4741.13	0	0	0	626,00	0	2420,00	0	0	0	0	0	3018,40	0	0	0	0	0	0	0	41127,75	0	0	47192,15	0	0	0	0	20840,00	0	0	15000,00	10000,00	0	-14911,98	0	30928,02	0	0	0	30928,02	0	0	0	0	0	0	0	0	0	0	0	0	0	0	0	78120,17	0	28500,00	48832,45	0	0	0	0	33,99	0	0	0	0	0	0	0	77366,44	0	0	0	0	0	0	0	0	0	0	0	0	0	0	0	0	0	0	77366,44	0	800,00	0	0	0	0	0	0	0	-93,68	47,41	0	753,73	78120,17	129995,16	0	0	0	0	0	0	0	0	0	129995,16	55000,00	94033,02	0	-41127,75	0	0	0	0	0	0	0	0	0	1690,92	3965,00	0	0	1826,30	0	0	0	0	0	468,00	0	0	780,00	0	3600,00	0	0	2285,00	0	1224,00	0	4169,26	0	0	2034,00	0	0	0	0	0	0	0	0	0	0	0	0	0	0	0	0	129947,75	47,41	0	0	0	0	0	0	0	0	0	0	0	0	47,41	0	0	47,41	11,85	0	0	0	0	0	0	0	11,85	0	0	
2002	100912	0992125314001	NELGOBORD S.A.	G	COMERCIO AL POR MAYOR Y AL POR MENOR REPARACIÓN DE VEHÍCULOS AUTOMOTORES Y MOTOCICLETAS.	G4641.31	0	0	0	0	0	0	0	0	0	0	0	0	0	0	0	0	0	0	0	0	0	0	0	0	0	0	0	0	0	0	0	0	0	0	0	0	0	0	0	0	800,00	0	0	0	0	800,00	0	0	0	0	0	0	0	0	0	800,00	0	0	0	0	0	0	0	0	0	0	0	0	0	0	0	0	0	0	0	0	0	0	0	0	0	0	0	0	0	0	0	0	0	0	0	0	800,00	0	0	0	0	0	0	0	0	0	0	800,00	800,00	0	0	0	0	0	0	0	0	0	0	0	0	0	0	0	0	0	0	0	0	0	0	0	0	0	0	0	0	0	0	0	0	0	0	0	0	0	0	0	0	0	0	0	0	0	0	0	0	0	0	0	0	0	0	0	0	0	0	0	0	0	0	0	0	0	0	0	0	0	0	0	0	0	0	0	0	0	0	0	0	0	0	0	0	0	0	0	0	0	0	0	0	0	0	0	
2002	100947	0992257210001	ARIANLER S.A.	G	COMERCIO AL POR MAYOR Y AL POR MENOR REPARACIÓN DE VEHÍCULOS AUTOMOTORES Y MOTOCICLETAS.	G4649.22	0	0	0	200,00	0	0	0	0	0	0	0	0	0	0	0	0	0	0	0	0	0	0	200,00	0	0	0	0	0	0	0	0	0	0	0	0	0	0	0	0	0	600,00	0	0	0	0	600,00	0	0	0	0	0	0	0	0	0	800,00	0	0	0	0	0	0	0	0	0	0	0	0	0	0	0	0	0	0	0	0	0	0	0	0	0	0	0	0	0	0	0	0	0	0	0	0	800,00	0	0	0	0	0	0	0	0	0	0	800,00	800,00	0	0	0	0	0	0	0	0	0	0	0	0	0	0	0	0	0	0	0	0	0	0	0	0	0	0	0	0	0	0	0	0	0	0	0	0	0	0	0	0	0	0	0	0	0	0	0	0	0	0	0	0	0	0	0	0	0	0	0	0	0	0	0	0	0	0	0	0	0	0	0	0	0	0	0	0	0	0	0	0	0	0	0	0	0	0	0	0	0	0	0	0	0	0	0	
2002	101398	0992161507001	COMPAÑIAB&R ASOCIADOS S.A.	G	COMERCIO AL POR MAYOR Y AL POR MENOR REPARACIÓN DE VEHÍCULOS AUTOMOTORES Y MOTOCICLETAS.	G4719.00	0	0	0	30,18	0	3336,39	0	0	0	135,02	0	204,54	0	0	0	0	0	0	0	0	0	360,00	4066,13	0	0	0	0	1090,70	0	0	4634,52	0	0	-1088,33	0	4636,89	0	0	0	4636,89	0	0	0	0	0	0	0	0	0	0	0	0	0	0	0	8703,02	0	2700,00	0	0	0	1500,00	0	285,63	0	250,00	0	0	0	0	0	4735,63	0	0	0	0	0	0	0	0	0	0	0	0	0	0	0	0	0	0	4735,63	0	800,00	0	0	0	0	0	0	1704,06	0	1463,33	0	3967,39	8703,02	42433,56	0	0	0	0	0	0	0	0	0	42433,56	0	5015,73	0	0	0	14569,66	0	0	0	0	0	0	0	4978,00	6560,00	0	0	0	0	0	733,00	0	188,90	0	0	0	0	0	0	0	0	0	0	0	0	0	0	0	400,00	0	0	0	0	8523,30	0	0	0	0	0	0	0	0	0	0	0	40968,59	1464,97	0	0	0	0	0	0	0	0	0	0	0	0	1464,97	0	0	1464,97	366,24	0	0	0	0	0	0	0	366,24	0	0	
2002	101680	0992135131001	FORTUNE TECHNOLOGIES F.TECH. S.A.	M	ACTIVIDADES PROFESIONALES, CIENTÍFICAS Y TÉCNICAS.	M7020.04	0	0	0	256,08	0	859,60	0	0	600,00	0	0	108,00	0	0	0	0	0	0	0	0	0	0	1823,68	0	0	0	0	0	0	0	0	0	0	0	0	0	0	0	0	0	0	0	0	0	0	0	0	0	0	0	0	0	0	0	0	1823,68	0	0	0	209,32	0	0	0	0	667,75	0	0	0	0	0	0	877,07	0	0	0	0	0	0	0	0	0	0	0	0	0	0	0	0	0	0	877,07	0	800,00	0	0	0	0	0	0	146,61	0	0	0	946,61	1823,68	0	0	0	0	0	0	0	0	0	0	0	0	0	0	0	0	0	0	0	0	0	0	0	0	0	0	0	0	0	0	0	0	0	0	0	0	0	0	0	0	0	0	0	0	0	0	0	0	0	0	0	0	0	0	0	0	0	0	0	0	0	0	0	0	0	0	0	0	0	0	0	0	0	0	0	0	0	0	0	0	0	0	0	0	0	0	0	0	0	0	0	0	0	0	0	
2002	101804	0992136952001	FIONWEB S.A.	N	ACTIVIDADES DE SERVICIOS ADMINISTRATIVOS Y DE APOYO.	N7810.00	0	0	0	2150,52	0	0	0	0	0	0	0	7,20	0	0	0	0	0	0	0	0	0	0	2157,72	0	0	0	0	0	0	0	0	0	0	0	0	0	0	0	0	0	0	0	0	0	0	0	0	0	0	0	0	0	0	0	0	2157,72	0	0	0	0	0	0	0	,77	0	0	0	0	0	0	0	,77	0	0	0	0	0	0	0	0	0	0	0	0	0	0	0	0	0	0	,77	0	800,00	0	0	0	0	0	0	0	0	1356,95	0	2156,95	2157,72	0	0	0	0	0	0	0	0	0	0	0	0	0	0	0	0	0	0	0	0	0	0	0	0	0	0	0	0	0	0	0	0	0	0	0	0	0	0	0	0	0	0	0	0	0	0	0	0	0	0	0	0	0	0	0	0	0	0	0	0	0	0	0	0	0	0	0	0	0	0	0	0	0	0	0	0	0	0	0	0	0	0	0	0	0	0	0	0	0	0	0	0	0	0	0	
2002	102098	0992140593001	SNOR S.A.	L	ACTIVIDADES INMOBILIARIAS.	L6810.01	0	0	0	800,00	0	0	0	0	0	0	0	0	0	0	0	0	0	0	0	0	0	0	800,00	0	0	0	0	0	0	0	0	0	0	0	0	0	0	0	0	0	0	0	0	0	0	0	0	0	0	0	0	0	0	0	0	800,00	0	0	0	0	0	0	0	0	0	0	0	0	0	0	0	0	0	0	0	0	0	0	0	0	0	0	0	0	0	0	0	0	0	0	0	0	800,00	0	0	0	0	0	0	0	0	0	0	800,00	800,00	0	0	0	0	0	0	0	0	0	0	0	0	0	0	0	0	0	0	0	0	0	0	0	0	0	0	0	0	0	0	0	0	0	0	0	0	0	0	0	0	0	0	0	0	0	0	0	0	0	0	0	0	0	0	0	0	0	0	0	0	0	0	0	0	0	0	0	0	0	0	0	0	0	0	0	0	0	0	0	0	0	0	0	0	0	0	0	0	0	0	0	0	0	0	0	
2002	103159	0992148306001	MARPLAY S.A.	L	ACTIVIDADES INMOBILIARIAS.	L6810.01	0	0	0	0	0	0	0	0	0	829,93	0	1357,15	0	0	0	0	0	0	0	0	0	0	2187,08	0	0	0	0	0	0	0	0	0	0	0	0	0	0	0	0	0	300,00	0	0	500,00	0	800,00	0	0	0	0	0	0	0	0	0	2987,08	0	0	0	0	0	0	0	0	0	0	0	0	0	0	0	0	0	0	0	0	2187,08	0	0	0	0	0	0	0	2187,08	0	0	0	0	0	2187,08	0	1600,00	-800,00	0	0	0	0	0	0	0	0	0	800,00	2987,08	135714,20	0	0	0	0	0	0	0	0	0	135714,20	0	0	0	0	0	118410,01	0	0	0	0	0	0	0	0	0	0	0	0	0	0	0	0	0	0	0	0	0	0	0	0	0	0	0	0	0	0	0	0	0	0	0	0	0	0	0	0	0	0	0	0	17154,20	0	0	0	0	135564,21	149,99	0	0	0	0	0	0	0	0	0	0	0	0	149,99	0	0	149,99	37,50	0	0	0	0	0	0	0	37,50	0	0	
2002	103381	0992151463001	WAILER S.A.	A	AGRICULTURA, GANADERÍA,  SILVICULTURA Y PESCA.	A0150.00	0	0	0	800,00	0	0	0	0	0	0	0	0	0	0	0	0	0	0	0	0	0	0	800,00	0	0	0	0	0	0	0	0	0	0	0	0	0	0	0	0	0	0	0	0	0	0	0	0	0	0	0	0	0	0	0	0	800,00	0	0	0	0	0	0	0	0	0	0	0	0	0	0	0	0	0	0	0	0	0	0	0	0	0	0	0	0	0	0	0	0	0	0	0	0	800,00	0	0	0	0	0	0	0	0	0	0	800,00	800,00	0	0	0	0	0	0	0	0	0	0	0	0	0	0	0	0	0	0	0	0	0	0	0	0	0	0	0	0	0	0	0	0	0	0	0	0	0	0	0	0	0	0	0	0	0	0	0	0	0	0	0	0	0	0	0	0	0	0	0	0	0	0	0	0	0	0	0	0	0	0	0	0	0	0	0	0	0	0	0	0	0	0	0	0	0	0	0	0	0	0	0	0	0	0	0	
2002	103765	0992156007001	PLANB, INNOVACION EMPRESARIAL S.A.	M	ACTIVIDADES PROFESIONALES, CIENTÍFICAS Y TÉCNICAS.	M7010.00	0	0	0	1545,18	0	1656,01	-16,56	2552,36	575,82	1613,74	0	296,97	0	0	0	0	0	0	0	0	0	0	8223,52	0	0	0	0	3497,36	0	4898,40	0	63,65	0	-1770,81	0	6688,60	0	0	0	6688,60	915,00	0	0	2884,43	-756,80	3042,63	0	0	0	0	0	0	0	0	0	17954,75	0	109,75	0	0	0	9575,02	0	1679,06	0	13,52	0	0	0	3080,06	0	14457,41	0	0	0	0	0	0	0	0	0	0	0	0	0	0	0	0	0	0	14457,41	0	800,00	0	3200,00	0	0	0	0	0	-329,91	0	-172,75	3497,34	17954,75	29696,04	0	0	0	0	0	441,25	0	0	0	30137,29	7168,62	0	0	0	0	0	0	0	0	0	0	0	0	0	0	0	0	0	0	0	0	0	0	0	0	0	0	0	0	0	0	0	0	0	0	0	0	0	0	0	0	0	17667,22	0	0	0	3200,00	0	0	0	0	976,52	0	0	1265,01	30277,37	0	-140,08	-73,52	441,25	0	230,19	0	0	0	0	0	0	0	457,84	0	0	457,84	114,46	0	0	0	0	0	0	0	114,46	0	0	
2002	103768	0992155388001	MISSCATORCE S.A.	A	AGRICULTURA, GANADERÍA,  SILVICULTURA Y PESCA.	A0150.00	0	0	0	800,00	0	0	0	0	0	0	0	0	0	0	0	0	0	0	0	0	0	0	800,00	0	0	0	0	0	0	0	0	0	0	0	0	0	0	0	0	0	0	0	0	0	0	0	0	0	0	0	0	0	0	0	0	800,00	0	0	0	0	0	0	0	0	0	0	0	0	0	0	0	0	0	0	0	0	0	0	0	0	0	0	0	0	0	0	0	0	0	0	0	0	800,00	0	0	0	0	0	0	0	0	0	0	800,00	800,00	0	0	0	0	0	0	0	0	0	0	0	0	0	0	0	0	0	0	0	0	0	0	0	0	0	0	0	0	0	0	0	0	0	0	0	0	0	0	0	0	0	0	0	0	0	0	0	0	0	0	0	0	0	0	0	0	0	0	0	0	0	0	0	0	0	0	0	0	0	0	0	0	0	0	0	0	0	0	0	0	0	0	0	0	0	0	0	0	0	0	0	0	0	0	0	
2002	103791	0992154489001	MISSDIECISEIS S.A.	A	AGRICULTURA, GANADERÍA,  SILVICULTURA Y PESCA.	A0150.00	0	0	0	0	800,00	0	0	0	0	0	0	0	0	0	0	0	0	0	0	0	0	0	800,00	0	0	0	0	0	0	0	0	0	0	0	0	0	0	0	0	0	0	0	0	0	0	0	0	0	0	0	0	0	0	0	0	800,00	0	0	0	0	0	0	0	0	0	0	0	0	0	0	0	0	0	0	0	0	0	0	0	0	0	0	0	0	0	0	0	0	0	0	0	0	800,00	0	0	0	0	0	0	0	0	0	0	800,00	800,00	0	0	0	0	0	0	0	0	0	0	0	0	0	0	0	0	0	0	0	0	0	0	0	0	0	0	0	0	0	0	0	0	0	0	0	0	0	0	0	0	0	0	0	0	0	0	0	0	0	0	0	0	0	0	0	0	0	0	0	0	0	0	0	0	0	0	0	0	0	0	0	0	0	0	0	0	0	0	0	0	0	0	0	0	0	0	0	0	0	0	0	0	0	0	0	
2002	103801	0992153512001	NOVECOMSA S.A.	L	ACTIVIDADES INMOBILIARIAS.	L6820.01	0	0	0	27,25	0	0	0	0	0	0	0	0	0	0	0	0	0	0	0	0	0	0	27,25	856,00	0	0	0	0	0	0	0	0	0	0	0	856,00	0	0	0	856,00	280,00	0	0	0	-49,00	231,00	0	0	600,00	0	0	0	0	0	600,00	1714,25	0	0	0	0	0	0	0	0	0	0	0	0	0	21,88	0	21,88	1556,00	0	0	0	0	0	0	0	0	0	0	0	1556,00	0	0	0	0	0	1577,88	0	800,00	0	0	0	0	0	0	0	-373,75	0	-289,88	136,37	1714,25	0	0	0	0	0	0	0	0	0	0	0	0	0	0	0	0	0	0	0	0	0	0	0	0	0	0	0	0	0	0	0	0	0	0	0	0	0	0	0	0	0	0	0	0	0	0	0	0	0	0	0	0	0	0	0	0	0	0	0	0	0	0	0	0	0	0	0	0	0	0	0	0	0	0	0	0	0	0	0	0	0	0	0	0	0	0	0	0	0	0	0	0	0	0	0	
2002	103939	0992165936001	MISSDECIMOTERCERA S.A.	A	AGRICULTURA, GANADERÍA,  SILVICULTURA Y PESCA.	A0150.00	0	0	0	800,00	0	0	0	0	0	0	0	0	0	0	0	0	0	0	0	0	0	0	800,00	0	0	0	0	0	0	0	0	0	0	0	0	0	0	0	0	0	0	0	0	0	0	0	0	0	0	0	0	0	0	0	0	800,00	0	0	0	0	0	0	0	0	0	0	0	0	0	0	0	0	0	0	0	0	0	0	0	0	0	0	0	0	0	0	0	0	0	0	0	0	800,00	0	0	0	0	0	0	0	0	0	0	800,00	800,00	0	0	0	0	0	0	0	0	0	0	0	0	0	0	0	0	0	0	0	0	0	0	0	0	0	0	0	0	0	0	0	0	0	0	0	0	0	0	0	0	0	0	0	0	0	0	0	0	0	0	0	0	0	0	0	0	0	0	0	0	0	0	0	0	0	0	0	0	0	0	0	0	0	0	0	0	0	0	0	0	0	0	0	0	0	0	0	0	0	0	0	0	0	0	0	
2002	104108	0992186704001	CHARMALEON S.A.	L	ACTIVIDADES INMOBILIARIAS.	L6810.01	0	0	0	209,09	0	0	0	0	600,00	0	0	0	0	0	0	0	0	0	0	0	0	0	809,09	0	1785,53	0	0	0	0	0	0	0	0	-89,28	0	1696,25	0	0	0	1696,25	0	0	0	0	0	0	0	0	0	0	0	0	0	0	0	2505,34	0	0	0	0	0	1785,53	0	0	0	0	0	0	0	0	0	1785,53	0	0	0	0	0	0	0	0	0	0	0	0	0	0	0	0	0	0	1785,53	0	800,00	0	0	0	0	0	0	0	0	0	-80,19	719,81	2505,34	2060,00	0	0	0	0	0	0	0	0	0	2060,00	0	0	0	0	0	0	0	0	0	0	0	0	0	0	0	0	0	0	0	0	0	0	0	0	0	0	0	0	0	0	0	0	0	0	0	0	0	0	89,28	0	0	0	0	0	0	0	0	0	0	0	2050,91	0	0	0	0	2140,19	0	-80,19	0	0	0	0	0	0	0	0	0	0	0	0	-80,19	0	0	0	0	0	0	0	0	0	0	0	0	0	
2002	104606	0992202246001	BITENAR S.A.	L	ACTIVIDADES INMOBILIARIAS.	L6810.01	0	0	0	60,00	0	0	0	0	0	0	0	0	0	0	0	0	0	0	0	0	0	0	60,00	0	0	1077,00	0	0	0	0	0	0	0	-5,98	0	1071,02	0	0	0	1071,02	0	0	0	0	0	0	0	0	0	0	0	0	0	0	0	1131,02	0	0	0	0	0	0	0	0	0	0	0	0	0	0	0	0	0	0	0	0	277,00	0	0	0	0	0	0	0	277,00	0	0	0	0	0	277,00	0	800,00	0	0	0	0	0	0	0	0	54,02	0	854,02	1131,02	0	420,00	0	0	0	0	0	0	0	0	420,00	0	0	0	0	0	0	0	0	0	0	0	0	0	0	0	0	0	0	0	0	0	0	0	0	0	0	0	0	0	0	0	360,00	0	0	0	0	0	0	0	0	0	0	0	0	0	0	0	0	0	0	0	0	0	0	5,97	365,97	54,03	0	-8,10	0	0	0	0	0	0	0	0	0	0	45,93	0	0	45,93	11,48	0	0	0	0	0	0	0	11,48	0	0	
2002	105153	0992206330001	COMEXLINK S.A. ''LINCOMEX''	G	COMERCIO AL POR MAYOR Y AL POR MENOR REPARACIÓN DE VEHÍCULOS AUTOMOTORES Y MOTOCICLETAS.	G4651.02	0	0	0	12417,42	0	4122,54	0	0	0	0	0	0	0	0	0	0	0	0	0	0	0	0	16539,96	0	0	0	0	675,42	0	2059,50	0	0	1058,50	0	0	3793,42	3883,05	0	3883,05	7676,47	907,12	0	0	11550,00	0	12457,12	0	0	0	0	0	0	0	0	0	36673,55	0	9127,03	27214,44	0	0	0	0	0	0	0	0	0	0	0	0	36341,47	0	0	0	0	0	0	0	0	0	0	0	0	0	0	0	0	0	0	36341,47	0	800,00	0	0	0	0	0	0	0	-302,67	0	-165,25	332,08	36673,55	0	0	0	0	0	0	0	0	0	0	0	0	0	0	0	0	0	0	0	0	0	0	0	0	0	0	0	0	0	0	0	0	0	0	0	0	0	0	0	0	0	0	0	0	0	0	0	0	0	0	0	0	0	0	0	0	0	0	0	0	0	0	0	0	0	0	0	0	0	0	0	0	0	0	0	0	0	0	0	0	0	0	0	0	0	0	0	0	0	0	0	0	0	0	0	
2002	105228	0992208759001	JESFESA S.A.	F	CONSTRUCCIÓN.	F4390.20	0	0	0	267,28	0	0	0	0	2,00	7,90	0	25,83	0	0	0	0	0	0	0	0	0	0	303,01	0	0	0	0	0	0	0	0	0	0	0	0	0	0	0	0	0	254,53	0	0	0	-76,35	178,18	0	0	0	0	0	0	0	0	0	481,19	0	172,81	0	0	0	57,44	0	23,15	0	0	0	0	0	0	0	253,40	0	0	0	0	0	0	0	0	0	0	0	0	0	0	0	0	0	0	253,40	0	800,00	-600,00	0	0	0	0	0	0	-6,18	33,97	0	227,79	481,19	2582,50	0	0	0	0	0	0	0	0	0	2582,50	0	0	0	0	0	0	0	0	0	0	0	0	140,00	1974,50	0	0	0	0	0	0	0	75,00	70,05	0	0	0	27,16	0	0	0	0	56,53	0	0	0	0	0	0	0	0	50,90	0	0	182,53	0	0	0	0	0	0	111,86	0	0	0	0	2548,53	33,97	0	-3,10	0	0	49,30	0	0	0	0	-6,18	0	0	73,99	0	0	73,99	18,50	0	0	0	0	0	0	0	18,50	0	0	
2002	106389	0992221062001	DICROELEC S.A.	G	COMERCIO AL POR MAYOR Y AL POR MENOR REPARACIÓN DE VEHÍCULOS AUTOMOTORES Y MOTOCICLETAS.	G4659.93	0	0	0	345,75	0	0	0	0	600,00	5,25	0	0	0	0	0	0	0	0	0	0	0	0	951,00	0	0	0	0	0	0	0	0	0	0	0	0	0	0	0	0	0	0	0	0	0	0	0	0	0	0	0	0	0	0	0	0	951,00	0	0	0	0	0	0	0	37,75	0	0	0	0	0	0	0	37,75	0	0	0	0	0	0	0	0	0	0	0	0	0	0	0	0	0	0	37,75	0	800,00	0	0	0	0	0	0	0	0	113,25	0	913,25	951,00	0	0	0	0	0	0	0	0	0	0	0	0	0	0	0	0	0	0	0	0	0	0	0	0	0	0	0	0	0	0	0	0	0	0	0	0	0	0	0	0	0	0	0	0	0	0	0	0	0	0	0	0	0	0	0	0	0	0	0	0	0	0	0	0	0	0	0	0	0	0	0	0	0	0	0	0	0	0	0	0	0	0	0	0	0	0	0	0	0	0	0	0	0	0	0	
2002	106445	0992222425001	TROPIWING CIA. LTDA.	I	ACTIVIDADES DE ALOJAMIENTO Y DE SERVICIO DE COMIDAS.	I5610.01	0	0	0	151,44	0	0	0	0	0	0	0	73,39	0	0	0	0	0	0	0	0	0	0	224,83	0	0	0	3014,55	2412,13	0	0	0	0	2331,24	-323,25	0	7434,67	0	0	0	7434,67	0	0	0	0	0	0	0	0	0	0	0	0	0	0	0	7659,50	0	0	0	0	0	7000,00	0	46,59	103,22	0	0	0	0	0	0	7149,81	0	0	0	0	0	0	0	0	0	0	0	0	0	0	0	0	0	0	7149,81	0	400,00	-200,00	0	0	0	0	0	0	0	309,69	0	509,69	7659,50	16038,91	0	0	0	0	0	0	0	0	0	16038,91	0	10381,66	0	0	0	0	0	0	0	0	0	0	0	0	0	0	0	0	0	0	0	0	0	0	0	0	0	0	0	0	0	0	0	0	0	278,55	0	198,63	323,25	0	0	0	0	0	0	0	0	0	0	0	4443,91	0	0	0	0	15626,00	412,91	0	0	0	0	0	0	0	0	0	0	0	0	412,91	0	0	412,91	103,23	0	0	0	0	0	0	0	103,23	0	0	
2002	106530	0992222808001	DAYECON S.A.	L	ACTIVIDADES INMOBILIARIAS.	L6810.01	0	0	0	1600,00	0	0	0	0	0	0	0	0	0	0	0	0	0	0	0	0	0	0	1600,00	0	0	0	0	0	0	0	0	0	0	0	0	0	0	0	0	0	0	0	0	0	0	0	0	0	0	0	0	0	0	0	0	1600,00	0	0	0	0	0	0	0	0	0	0	0	0	0	0	0	0	0	0	0	0	0	0	0	0	0	0	0	0	0	0	0	0	0	0	0	0	1600,00	0	0	0	0	0	0	0	0	0	0	1600,00	1600,00	0	0	0	0	0	0	0	0	0	0	0	0	0	0	0	0	0	0	0	0	0	0	0	0	0	0	0	0	0	0	0	0	0	0	0	0	0	0	0	0	0	0	0	0	0	0	0	0	0	0	0	0	0	0	0	0	0	0	0	0	0	0	0	0	0	0	0	0	0	0	0	0	0	0	0	0	0	0	0	0	0	0	0	0	0	0	0	0	0	0	0	0	0	0	0	
2002	106742	0992226358001	ERVIC S.A.	A	AGRICULTURA, GANADERÍA,  SILVICULTURA Y PESCA.	A0210.01	0	0	0	162,60	0	0	0	0	0	0	0	9,77	0	0	0	0	0	0	0	0	0	0	172,37	0	0	0	0	800,00	0	0	1500,00	0	0	0	0	2300,00	0	0	0	2300,00	0	0	0	0	0	0	0	0	0	0	0	0	0	0	0	2472,37	0	0	0	0	0	0	0	607,68	0	0	0	0	0	0	0	607,68	0	0	0	0	981,43	0	0	0	0	0	0	0	981,43	0	0	0	0	0	1589,11	0	800,00	0	0	0	0	0	0	0	0	83,26	0	883,26	2472,37	19050,46	0	0	0	0	0	0	0	0	0	19050,46	0	0	0	0	0	0	0	0	0	0	0	0	0	6000,00	0	0	0	0	0	0	0	0	0	0	0	0	0	0	0	0	0	1194,20	0	1580,00	0	1783,00	0	180,00	0	0	0	0	0	0	0	0	0	0	0	0	8230,00	0	0	0	0	18967,20	83,26	0	0	0	0	0	0	0	0	0	0	0	0	83,26	0	0	83,26	20,82	0	0	0	0	0	0	0	20,82	0	0	
2002	107442	0992236752001	ELBRUTSA S.A.	L	ACTIVIDADES INMOBILIARIAS.	L6810.01	0	0	0	13,21	0	0	0	0	0	0	0	0	0	0	0	0	0	0	0	0	0	0	13,21	1019,80	0	0	0	0	0	0	0	0	0	0	0	1019,80	0	0	0	1019,80	80,00	0	0	572,10	0	652,10	0	0	0	0	0	0	0	0	0	1685,11	0	0	0	0	0	880,00	0	5,11	0	0	0	0	0	0	0	885,11	0	0	0	0	0	0	0	0	0	0	0	0	0	0	0	0	0	0	885,11	0	800,00	0	0	0	0	0	0	0	0	0	0	800,00	1685,11	0	0	0	0	0	0	0	0	0	0	0	0	0	0	0	0	0	0	0	0	0	0	0	0	0	0	0	0	0	0	0	0	0	0	0	0	0	0	0	0	0	0	0	0	0	0	0	0	0	0	0	0	0	0	0	0	0	0	0	0	0	0	0	0	0	0	0	0	0	0	0	0	0	0	0	0	0	0	0	0	0	0	0	0	0	0	0	0	0	0	0	0	0	0	0	
2002	107519	0992237902001	BLYMAT S.A.	F	CONSTRUCCIÓN.	F4100.10	0	0	0	800,00	0	0	0	0	0	0	0	0	0	0	0	0	0	0	0	0	0	0	800,00	0	0	0	0	0	0	0	0	0	0	0	0	0	0	0	0	0	0	0	0	0	0	0	0	0	0	0	0	0	0	0	0	800,00	0	0	0	0	0	0	0	0	0	0	0	0	0	0	0	0	0	0	0	0	0	0	0	0	0	0	0	0	0	0	0	0	0	0	0	0	800,00	0	0	0	0	0	0	0	0	0	0	800,00	800,00	0	0	0	0	0	0	0	0	0	0	0	0	0	0	0	0	0	0	0	0	0	0	0	0	0	0	0	0	0	0	0	0	0	0	0	0	0	0	0	0	0	0	0	0	0	0	0	0	0	0	0	0	0	0	0	0	0	0	0	0	0	0	0	0	0	0	0	0	0	0	0	0	0	0	0	0	0	0	0	0	0	0	0	0	0	0	0	0	0	0	0	0	0	0	0	
2002	108040	0992252928001	FUNDICIONES Y CONCRETO S.A. FUNDICONSA	F	CONSTRUCCIÓN.	F4100.10	0	0	0	800,00	0	0	0	0	800,00	0	0	0	0	0	0	0	0	0	0	0	0	0	1600,00	0	0	0	0	0	0	0	0	0	0	0	0	0	0	0	0	0	274,00	0	0	0	0	274,00	0	0	0	0	0	0	0	0	0	1874,00	0	1074,00	0	0	0	0	0	0	0	0	0	0	0	0	0	1074,00	0	0	0	0	0	0	0	0	0	0	0	0	0	0	0	0	0	0	1074,00	0	800,00	0	0	0	0	0	0	0	0	0	0	800,00	1874,00	0	0	0	0	0	0	0	0	0	0	0	0	0	0	0	0	0	0	0	0	0	0	0	0	0	0	0	0	0	0	0	0	0	0	0	0	0	0	0	0	0	0	0	0	0	0	0	0	0	0	0	0	0	0	0	0	0	0	0	0	0	0	0	0	0	0	0	0	0	0	0	0	0	0	0	0	0	0	0	0	0	0	0	0	0	0	0	0	0	0	0	0	0	0	0	
2002	108120	0992250763001	PROSETUR S.A.	G	COMERCIO AL POR MAYOR Y AL POR MENOR REPARACIÓN DE VEHÍCULOS AUTOMOTORES Y MOTOCICLETAS.	G4663.21	0	0	0	200,00	0	0	0	0	0	0	0	0	0	0	0	0	0	0	0	0	0	0	200,00	0	0	0	0	0	0	0	0	0	0	0	0	0	0	0	0	0	0	0	0	0	0	0	0	0	0	0	0	0	0	0	0	200,00	0	0	0	0	0	0	0	0	0	0	0	0	0	0	0	0	0	0	0	0	0	0	0	0	0	0	0	0	0	0	0	0	0	0	0	0	800,00	-600,00	0	0	0	0	0	0	0	0	0	200,00	200,00	0	0	0	0	0	0	0	0	0	0	0	0	0	0	0	0	0	0	0	0	0	0	0	0	0	0	0	0	0	0	0	0	0	0	0	0	0	0	0	0	0	0	0	0	0	0	0	0	0	0	0	0	0	0	0	0	0	0	0	0	0	0	0	0	0	0	0	0	0	0	0	0	0	0	0	0	0	0	0	0	0	0	0	0	0	0	0	0	0	0	0	0	0	0	0	
2002	108425	0992249846001	ESTRUCTURECORP S.A.	N	ACTIVIDADES DE SERVICIOS ADMINISTRATIVOS Y DE APOYO.	N7820.00	0	0	0	800,00	0	0	0	0	0	0	0	0	0	0	0	0	0	0	0	0	0	0	800,00	0	0	0	0	0	0	0	0	0	0	0	0	0	0	0	0	0	0	0	0	0	0	0	0	0	0	0	0	0	0	0	0	800,00	0	0	0	0	0	0	0	0	0	0	0	0	0	0	0	0	0	0	0	0	0	0	0	0	0	0	0	0	0	0	0	0	0	0	0	0	800,00	0	0	0	0	0	0	0	0	0	0	800,00	800,00	0	0	0	0	0	0	0	0	0	0	0	0	0	0	0	0	0	0	0	0	0	0	0	0	0	0	0	0	0	0	0	0	0	0	0	0	0	0	0	0	0	0	0	0	0	0	0	0	0	0	0	0	0	0	0	0	0	0	0	0	0	0	0	0	0	0	0	0	0	0	0	0	0	0	0	0	0	0	0	0	0	0	0	0	0	0	0	0	0	0	0	0	0	0	0	
2002	108989	0992258462001	PISTOLEESE S.A.	G	COMERCIO AL POR MAYOR Y AL POR MENOR REPARACIÓN DE VEHÍCULOS AUTOMOTORES Y MOTOCICLETAS.	G4510.01	0	0	0	0	0	0	0	0	600,00	0	0	0	0	0	0	0	0	0	0	0	0	0	600,00	5839,00	0	0	0	0	0	0	0	0	0	0	0	5839,00	0	0	0	5839,00	200,00	0	0	0	0	200,00	0	0	0	0	0	0	0	0	0	6639,00	0	0	0	0	0	5839,00	0	0	0	0	0	0	0	0	0	5839,00	0	0	0	0	0	0	0	0	0	0	0	0	0	0	0	0	0	0	5839,00	0	800,00	0	0	0	0	0	0	0	0	0	0	800,00	6639,00	0	0	0	0	0	0	0	0	0	0	0	0	0	0	0	0	0	0	0	0	0	0	0	0	0	0	0	0	0	0	0	0	0	0	0	0	0	0	0	0	0	0	0	0	0	0	0	0	0	0	0	0	0	0	0	0	0	0	0	0	0	0	0	0	0	0	0	0	0	0	0	0	0	0	0	0	0	0	0	0	0	0	0	0	0	0	0	0	0	0	0	0	0	0	0	
2002	109654	0992267607001	VERESI S.A.	M	ACTIVIDADES PROFESIONALES, CIENTÍFICAS Y TÉCNICAS.	M6920.02	0	0	0	200,00	0	0	0	0	0	0	0	0	0	0	0	0	0	0	0	0	0	0	200,00	0	0	0	0	0	0	0	0	0	0	0	0	0	0	0	0	0	350,00	0	0	0	0	350,00	0	0	0	0	0	0	0	0	0	550,00	0	0	0	0	0	0	0	,50	0	0	0	0	0	55,50	0	56,00	0	0	0	0	0	0	0	0	0	0	0	0	0	0	0	0	0	0	56,00	0	800,00	-250,00	0	0	0	0	0	0	0	0	-56,00	494,00	550,00	0	0	0	0	0	0	0	0	0	0	0	0	0	0	0	0	0	0	0	0	0	0	0	0	0	0	0	0	0	0	0	0	0	0	0	0	0	0	0	0	0	0	0	0	0	0	0	0	0	0	0	0	0	0	0	0	0	0	0	0	0	0	0	0	0	0	0	0	0	0	0	0	0	0	0	0	0	0	0	0	0	0	0	0	0	0	0	0	0	0	0	0	0	0	0	
2002	109748	0992270071001	MARTUNA S.A.	A	AGRICULTURA, GANADERÍA,  SILVICULTURA Y PESCA.	A0321.02	0	0	0	393,92	0	0	0	0	0	0	0	0	0	0	0	0	0	0	0	0	0	0	393,92	0	0	0	0	0	0	0	0	0	0	0	0	0	0	0	0	0	406,08	0	0	0	0	406,08	0	0	0	0	0	0	0	0	0	800,00	0	0	0	0	0	0	0	0	0	0	0	0	0	0	0	0	0	0	0	0	0	0	0	0	0	0	0	0	0	0	0	0	0	0	0	0	800,00	0	0	0	0	0	0	0	0	0	0	800,00	800,00	0	0	0	0	0	0	0	0	0	0	0	0	0	0	0	0	0	0	0	0	0	0	0	0	0	0	0	0	0	0	0	0	0	0	0	0	0	0	0	0	0	0	0	0	0	0	0	0	0	0	0	0	0	0	0	0	0	0	0	0	0	0	0	0	0	0	0	0	0	0	0	0	0	0	0	0	0	0	0	0	0	0	0	0	0	0	0	0	0	0	0	0	0	0	0	
2002	109758	0992268794001	SUMFINA S.A.	G	COMERCIO AL POR MAYOR Y AL POR MENOR REPARACIÓN DE VEHÍCULOS AUTOMOTORES Y MOTOCICLETAS.	G4669.22	0	0	0	200,00	600,00	0	0	0	0	0	0	0	0	0	0	0	0	0	0	0	0	0	800,00	0	0	0	0	0	0	0	0	0	0	0	0	0	0	0	0	0	0	0	0	0	0	0	0	0	0	0	0	0	0	0	0	800,00	0	0	0	0	0	0	0	0	0	0	0	0	0	0	0	0	0	0	0	0	0	0	0	0	0	0	0	0	0	0	0	0	0	0	0	0	800,00	0	0	0	0	0	0	0	0	0	0	800,00	800,00	0	0	0	0	0	0	0	0	0	0	0	0	0	0	0	0	0	0	0	0	0	0	0	0	0	0	0	0	0	0	0	0	0	0	0	0	0	0	0	0	0	0	0	0	0	0	0	0	0	0	0	0	0	0	0	0	0	0	0	0	0	0	0	0	0	0	0	0	0	0	0	0	0	0	0	0	0	0	0	0	0	0	0	0	0	0	0	0	0	0	0	0	0	0	0	
2002	109794	0992269863001	DRAMISINO S.A.	G	COMERCIO AL POR MAYOR Y AL POR MENOR REPARACIÓN DE VEHÍCULOS AUTOMOTORES Y MOTOCICLETAS.	G4690.00	0	0	0	200,00	0	0	0	0	600,00	0	0	0	0	0	0	0	0	0	0	0	0	0	800,00	0	0	0	0	0	0	0	0	0	0	0	0	0	0	0	0	0	0	0	0	0	0	0	0	0	0	0	0	0	0	0	0	800,00	0	0	0	0	0	0	0	0	0	0	0	0	0	0	0	0	0	0	0	0	0	0	0	0	0	0	0	0	0	0	0	0	0	0	0	0	800,00	0	0	0	0	0	0	0	0	0	0	800,00	800,00	0	0	0	0	0	0	0	0	0	0	0	0	0	0	0	0	0	0	0	0	0	0	0	0	0	0	0	0	0	0	0	0	0	0	0	0	0	0	0	0	0	0	0	0	0	0	0	0	0	0	0	0	0	0	0	0	0	0	0	0	0	0	0	0	0	0	0	0	0	0	0	0	0	0	0	0	0	0	0	0	0	0	0	0	0	0	0	0	0	0	0	0	0	0	0	
2002	110077	0992273461001	GIBTERCORP S.A.	A	AGRICULTURA, GANADERÍA,  SILVICULTURA Y PESCA.	A0122.01	0	0	0	0	0	0	0	0	0	0	0	0	0	0	0	0	0	0	0	0	0	0	0	0	0	0	0	0	0	0	0	0	0	0	0	0	0	0	0	0	200,00	0	0	0	0	200,00	0	0	0	0	0	0	0	0	0	200,00	0	0	0	0	0	0	0	0	0	0	0	0	0	0	0	0	0	0	0	0	0	0	0	0	0	0	0	0	0	0	0	0	0	0	0	0	800,00	-600,00	0	0	0	0	0	0	0	0	0	200,00	200,00	0	0	0	0	0	0	0	0	0	0	0	0	0	0	0	0	0	0	0	0	0	0	0	0	0	0	0	0	0	0	0	0	0	0	0	0	0	0	0	0	0	0	0	0	0	0	0	0	0	0	0	0	0	0	0	0	0	0	0	0	0	0	0	0	0	0	0	0	0	0	0	0	0	0	0	0	0	0	0	0	0	0	0	0	0	0	0	0	0	0	0	0	0	0	0	
2002	110101	0992274107001	YRANOL S.A.	L	ACTIVIDADES INMOBILIARIAS.	L6820.01	0	0	0	0	0	0	0	0	0	0	0	0	0	0	0	0	0	0	0	0	0	0	0	0	0	0	0	0	0	0	0	0	0	0	0	0	0	0	0	0	800,00	0	0	0	0	800,00	0	0	0	0	0	0	0	0	0	800,00	0	0	0	0	0	0	0	0	0	0	0	0	0	0	0	0	0	0	0	0	0	0	0	0	0	0	0	0	0	0	0	0	0	0	0	0	800,00	0	0	0	0	0	0	0	0	0	0	800,00	800,00	0	0	0	0	0	0	0	0	0	0	0	0	0	0	0	0	0	0	0	0	0	0	0	0	0	0	0	0	0	0	0	0	0	0	0	0	0	0	0	0	0	0	0	0	0	0	0	0	0	0	0	0	0	0	0	0	0	0	0	0	0	0	0	0	0	0	0	0	0	0	0	0	0	0	0	0	0	0	0	0	0	0	0	0	0	0	0	0	0	0	0	0	0	0	0	
2002	110404	0992277858001	RATIF S.A.	L	ACTIVIDADES INMOBILIARIAS.	L6810.01	0	0	0	0	0	0	0	0	0	0	0	0	0	0	0	0	0	0	0	0	0	0	0	0	23901,45	0	0	0	0	0	0	0	0	0	0	23901,45	0	0	0	23901,45	0	0	0	0	0	0	0	0	5400,00	0	0	0	0	0	5400,00	29301,45	0	0	0	0	0	0	16501,56	0	0	0	0	0	0	0	0	16501,56	5400,00	0	0	0	0	0	0	0	0	0	0	0	5400,00	0	0	0	0	0	21901,56	0	1600,00	0	0	0	5799,89	0	0	0	0	0	0	7399,89	29301,45	0	0	0	0	0	0	0	0	0	0	0	0	0	0	0	0	0	0	0	0	0	0	0	0	0	0	0	0	0	0	0	0	0	0	0	0	0	0	0	0	0	0	0	0	0	0	0	0	0	0	0	0	0	0	0	0	0	0	0	0	0	0	0	0	0	0	0	0	0	0	0	0	0	0	0	0	0	0	0	0	0	0	0	0	0	0	0	0	0	0	0	0	0	0	0	
2002	110670	0992282428001	DERTEN S.A.	G	COMERCIO AL POR MAYOR Y AL POR MENOR REPARACIÓN DE VEHÍCULOS AUTOMOTORES Y MOTOCICLETAS.	G4651.01	0	0	0	500,00	0	0	0	0	0	0	0	0	0	0	0	0	0	0	0	0	0	0	500,00	0	0	0	0	0	0	0	0	0	0	0	0	0	0	0	0	0	300,00	0	0	0	0	300,00	0	0	0	0	0	0	0	0	0	800,00	0	0	0	0	0	0	0	0	0	0	0	0	0	0	0	0	0	0	0	0	0	0	0	0	0	0	0	0	0	0	0	0	0	0	0	0	800,00	0	0	0	0	0	0	0	0	0	0	800,00	800,00	0	0	0	0	0	0	0	0	0	0	0	0	0	0	0	0	0	0	0	0	0	0	0	0	0	0	0	0	0	0	0	0	0	0	0	0	0	0	0	0	0	0	0	0	0	0	0	0	0	0	0	0	0	0	0	0	0	0	0	0	0	0	0	0	0	0	0	0	0	0	0	0	0	0	0	0	0	0	0	0	0	0	0	0	0	0	0	0	0	0	0	0	0	0	0	
2002	110904	0992286350001	VIRTUS S.A.	G	COMERCIO AL POR MAYOR Y AL POR MENOR REPARACIÓN DE VEHÍCULOS AUTOMOTORES Y MOTOCICLETAS.	G4630.91	0	0	0	800,00	0	0	0	0	530,00	0	0	0	0	670,00	0	0	0	0	0	0	0	0	2000,00	0	0	0	0	0	0	0	0	0	0	0	0	0	0	0	0	0	0	0	0	0	0	0	0	0	0	0	0	0	0	0	0	2000,00	0	0	0	0	0	0	0	0	0	0	0	0	0	1200,00	0	1200,00	0	0	0	0	0	0	0	0	0	0	0	0	0	0	0	0	0	0	1200,00	0	800,00	0	0	0	0	0	0	0	0	0	0	800,00	2000,00	0	0	0	0	0	0	0	0	0	0	0	0	0	0	0	0	0	0	0	0	0	0	0	0	0	0	0	0	0	0	0	0	0	0	0	0	0	0	0	0	0	0	0	0	0	0	0	0	0	0	0	0	0	0	0	0	0	0	0	0	0	0	0	0	0	0	0	0	0	0	0	0	0	0	0	0	0	0	0	0	0	0	0	0	0	0	0	0	0	0	0	0	0	0	0	
2002	111202	0992289511001	INGECAM INGS. CONSULTORES CIA. LTDA.	M	ACTIVIDADES PROFESIONALES, CIENTÍFICAS Y TÉCNICAS.	M7110.25	0	0	0	0	0	0	0	0	200,00	0	0	0	0	0	0	0	0	0	0	0	0	0	200,00	0	0	0	0	0	0	0	0	0	0	0	0	0	0	0	0	0	0	0	0	0	0	0	0	0	0	0	0	0	0	0	0	200,00	0	0	0	0	0	0	0	0	0	0	0	0	0	0	0	0	0	0	0	0	0	0	0	0	0	0	0	0	0	0	0	0	0	0	0	0	400,00	-200,00	0	0	0	0	0	0	0	0	0	200,00	200,00	0	0	0	0	0	0	0	0	0	0	0	0	0	0	0	0	0	0	0	0	0	0	0	0	0	0	0	0	0	0	0	0	0	0	0	0	0	0	0	0	0	0	0	0	0	0	0	0	0	0	0	0	0	0	0	0	0	0	0	0	0	0	0	0	0	0	0	0	0	0	0	0	0	0	0	0	0	0	0	0	0	0	0	0	0	0	0	0	0	0	0	0	0	0	0	
2002	111302	0992292954001	ISCILMA S.A.	L	ACTIVIDADES INMOBILIARIAS.	L6810.01	0	0	0	0	0	0	0	0	600,00	0	0	0	0	0	0	0	0	0	0	0	0	0	600,00	0	0	0	0	0	0	0	0	0	0	0	0	0	0	0	0	0	200,00	0	0	0	0	200,00	0	0	0	0	0	0	0	0	0	800,00	0	0	0	0	0	0	0	0	0	0	0	0	0	0	0	0	0	0	0	0	0	0	0	0	0	0	0	0	0	0	0	0	0	0	0	0	800,00	0	0	0	0	0	0	0	0	0	0	800,00	800,00	0	0	0	0	0	0	0	0	0	0	0	0	0	0	0	0	0	0	0	0	0	0	0	0	0	0	0	0	0	0	0	0	0	0	0	0	0	0	0	0	0	0	0	0	0	0	0	0	0	0	0	0	0	0	0	0	0	0	0	0	0	0	0	0	0	0	0	0	0	0	0	0	0	0	0	0	0	0	0	0	0	0	0	0	0	0	0	0	0	0	0	0	0	0	0	
2002	112040	0992302399001	GUTER S.A.	L	ACTIVIDADES INMOBILIARIAS.	L6810.01	0	0	0	200,00	0	0	0	0	600,00	0	0	0	0	0	0	0	0	0	0	0	0	0	800,00	0	0	0	0	0	0	0	0	0	0	0	0	0	0	0	0	0	0	0	0	0	0	0	0	0	0	0	0	0	0	0	0	800,00	0	0	0	0	0	0	0	0	0	0	0	0	0	0	0	0	0	0	0	0	0	0	0	0	0	0	0	0	0	0	0	0	0	0	0	0	800,00	0	0	0	0	0	0	0	0	0	0	800,00	800,00	0	0	0	0	0	0	0	0	0	0	0	0	0	0	0	0	0	0	0	0	0	0	0	0	0	0	0	0	0	0	0	0	0	0	0	0	0	0	0	0	0	0	0	0	0	0	0	0	0	0	0	0	0	0	0	0	0	0	0	0	0	0	0	0	0	0	0	0	0	0	0	0	0	0	0	0	0	0	0	0	0	0	0	0	0	0	0	0	0	0	0	0	0	0	0	
2002	135098	0992231815001	OILTEST INTERNACIONAL DEL ECUADOR C.A.	M	ACTIVIDADES PROFESIONALES, CIENTÍFICAS Y TÉCNICAS.	M7120.11	0	0	0	1299,27	0	3135,35	0	0	0	271,32	0	32,30	0	0	0	0	0	0	0	0	0	37,59	4775,83	0	0	0	0	0	0	0	0	0	0	0	0	0	0	0	0	0	311,41	0	0	0	0	311,41	0	0	0	0	0	0	0	0	0	5087,24	0	0	0	0	0	0	0	594,46	0	242,69	0	1860,00	0	1158,64	0	3855,79	0	0	0	0	0	0	0	0	0	0	0	0	0	0	0	0	0	0	3855,79	0	800,00	-600,00	0	137,53	0	0	0	0	0	893,92	0	1231,45	5087,24	3876,00	0	0	0	0	0	0	0	0	0	3876,00	0	0	0	0	0	0	0	0	0	0	0	0	0	0	0	0	0	0	0	0	0	0	0	0	0	0	0	0	0	0	0	0	0	0	0	0	0	0	0	0	0	0	358,40	0	0	0	0	0	0	0	0	39,64	1860,00	0	0	2258,04	1617,96	0	-242,69	0	0	0	0	0	0	0	0	0	0	1375,27	0	0	1375,27	343,82	0	0	0	0	0	0	0	343,82	0	0	
2002	150100	0491504374001	SERVICIO DE TRANSPORTE PESADO NACIONAL SETRAPEN CIA. LTDA	H	TRANSPORTE Y ALMACENAMIENTO.	H4912.00	0	0	0	400,00	0	0	0	0	0	0	0	0	0	0	0	0	0	0	0	0	0	0	400,00	0	0	0	0	0	0	0	0	0	0	0	0	0	0	0	0	0	0	0	0	0	0	0	0	0	0	0	0	0	0	0	0	400,00	0	0	0	0	0	0	0	0	0	0	0	0	0	0	0	0	0	0	0	0	0	0	0	0	0	0	0	0	0	0	0	0	0	0	0	0	400,00	0	0	0	0	0	0	0	0	0	0	400,00	400,00	0	0	0	0	0	0	0	0	0	0	0	0	0	0	0	0	0	0	0	0	0	0	0	0	0	0	0	0	0	0	0	0	0	0	0	0	0	0	0	0	0	0	0	0	0	0	0	0	0	0	0	0	0	0	0	0	0	0	0	0	0	0	0	0	0	0	0	0	0	0	0	0	0	0	0	0	0	0	0	0	0	0	0	0	0	0	0	0	0	0	0	0	0	0	0	
2002	155193	1792023920001	ANDINA INFLECTION POINT CIA. LTDA	G	COMERCIO AL POR MAYOR Y AL POR MENOR REPARACIÓN DE VEHÍCULOS AUTOMOTORES Y MOTOCICLETAS.	G4649.22	0	0	0	200,00	0	0	0	0	0	0	0	0	0	0	0	0	0	0	0	0	0	0	200,00	0	0	0	0	0	0	0	0	0	0	0	0	0	0	0	0	0	0	0	0	0	0	0	0	0	0	0	0	0	0	0	0	200,00	0	0	0	0	0	0	0	0	0	0	0	0	0	0	0	0	0	0	0	0	0	0	0	0	0	0	0	0	0	0	0	0	0	0	0	0	400,00	-200,00	0	0	0	0	0	0	0	0	0	200,00	200,00	0	0	0	0	0	0	0	0	0	0	0	0	0	0	0	0	0	0	0	0	0	0	0	0	0	0	0	0	0	0	0	0	0	0	0	0	0	0	0	0	0	0	0	0	0	0	0	0	0	0	0	0	0	0	0	0	0	0	0	0	0	0	0	0	0	0	0	0	0	0	0	0	0	0	0	0	0	0	0	0	0	0	0	0	0	0	0	0	0	0	0	0	0	0	0	
